{
    "camera_angle_x": 0.6911112070083618,
    "frames": [
        {
            "file_path": "train/r_0",
            "rotation": 0.06283185307179587,
            "transform_matrix": [
                [
                    0.6181512475013733,
                    -0.6660088896751404,
                    0.41751790046691895,
                    1.6830685138702393
                ],
                [
                    0.7860592603683472,
                    0.5237444639205933,
                    -0.3283330202102661,
                    -1.3235527276992798
                ],
                [
                    1.4901162970204496e-08,
                    0.5311533212661743,
                    0.8472757339477539,
                    3.415477752685547
                ],
                [
                    0.0,
                    0.0,
                    0.0,
                    1.0
                ]
            ]
        },
        {
            "file_path": "train/r_1",
            "rotation": 0.06283185307179587,
            "transform_matrix": [
                [
                    0.941062331199646,
                    0.28935492038726807,
                    -0.17514443397521973,
                    -0.7060297727584839
                ],
                [
                    -0.33823344111442566,
                    0.8050682544708252,
                    -0.48730194568634033,
                    -1.9643769264221191
                ],
                [
                    0.0,
                    0.5178211331367493,
                    0.8554888963699341,
                    3.4485859870910645
                ],
                [
                    0.0,
                    0.0,
                    0.0,
                    1.0
                ]
            ]
        },
        {
            "file_path": "train/r_2",
            "rotation": 0.06283185307179587,
            "transform_matrix": [
                [
                    0.9976596236228943,
                    -0.02026614546775818,
                    0.0653032660484314,
                    0.26324591040611267
                ],
                [
                    0.06837568432092667,
                    0.295700341463089,
                    -0.9528303742408752,
                    -3.840982675552368
                ],
                [
                    0.0,
                    0.9550656676292419,
                    0.296394020318985,
                    1.1948026418685913
                ],
                [
                    0.0,
                    0.0,
                    0.0,
                    1.0
                ]
            ]
        },
        {
            "file_path": "train/r_3",
            "rotation": 0.06283185307179587,
            "transform_matrix": [
                [
                    -0.999972939491272,
                    0.005804439540952444,
                    -0.0045366170816123486,
                    -0.018287688493728638
                ],
                [
                    -0.007366981357336044,
                    -0.7878779768943787,
                    0.6157873868942261,
                    2.48231840133667
                ],
                [
                    -2.3283064365386963e-10,
                    0.6158040761947632,
                    0.7878993153572083,
                    3.17612361907959
                ],
                [
                    0.0,
                    0.0,
                    0.0,
                    1.0
                ]
            ]
        },
        {
            "file_path": "train/r_4",
            "rotation": 0.06283185307179587,
            "transform_matrix": [
                [
                    -0.47523587942123413,
                    -0.15758898854255676,
                    0.8656307458877563,
                    3.489469051361084
                ],
                [
                    0.8798584342002869,
                    -0.08511817455291748,
                    0.4675511121749878,
                    1.8847588300704956
                ],
                [
                    0.0,
                    0.9838295578956604,
                    0.17910721898078918,
                    0.7220042943954468
                ],
                [
                    0.0,
                    0.0,
                    0.0,
                    1.0
                ]
            ]
        },
        {
            "file_path": "train/r_5",
            "rotation": 0.06283185307179587,
            "transform_matrix": [
                [
                    -0.9336265325546265,
                    -0.14158688485622406,
                    0.3290815055370331,
                    1.3265701532363892
                ],
                [
                    0.358247846364975,
                    -0.3689883351325989,
                    0.8576164245605469,
                    3.457162618637085
                ],
                [
                    0.0,
                    0.9185861945152283,
                    0.3952205181121826,
                    1.5931849479675293
                ],
                [
                    0.0,
                    0.0,
                    0.0,
                    1.0
                ]
            ]
        },
        {
            "file_path": "train/r_6",
            "rotation": 0.06283185307179587,
            "transform_matrix": [
                [
                    -0.9995206594467163,
                    -0.018073050305247307,
                    0.025136427953839302,
                    0.10132818669080734
                ],
                [
                    0.030959252268075943,
                    -0.5834891200065613,
                    0.8115305304527283,
                    3.2713844776153564
                ],
                [
                    0.0,
                    0.8119198679924011,
                    0.583768904209137,
                    2.353247880935669
                ],
                [
                    0.0,
                    0.0,
                    0.0,
                    1.0
                ]
            ]
        },
        {
            "file_path": "train/r_7",
            "rotation": 0.06283185307179587,
            "transform_matrix": [
                [
                    0.3923300802707672,
                    -0.6921621561050415,
                    0.6057958602905273,
                    2.4420411586761475
                ],
                [
                    0.919824481010437,
                    0.29522591829299927,
                    -0.25838837027549744,
                    -1.0415968894958496
                ],
                [
                    1.4901161193847656e-08,
                    0.6585993766784668,
                    0.7524937391281128,
                    3.0333993434906006
                ],
                [
                    0.0,
                    0.0,
                    0.0,
                    1.0
                ]
            ]
        },
        {
            "file_path": "train/r_8",
            "rotation": 0.06283185307179587,
            "transform_matrix": [
                [
                    -0.2646386921405792,
                    0.9534308314323425,
                    -0.14469251036643982,
                    -0.5832741856575012
                ],
                [
                    -0.9643477201461792,
                    -0.2616428732872009,
                    0.03970688208937645,
                    0.16006356477737427
                ],
                [
                    3.725290742551124e-09,
                    0.15004181861877441,
                    0.9886796474456787,
                    3.985495090484619
                ],
                [
                    0.0,
                    0.0,
                    0.0,
                    1.0
                ]
            ]
        },
        {
            "file_path": "train/r_9",
            "rotation": 0.06283185307179587,
            "transform_matrix": [
                [
                    -0.21063680946826935,
                    0.905993640422821,
                    -0.36716166138648987,
                    -1.4800760746002197
                ],
                [
                    -0.9775644540786743,
                    -0.1952153891324997,
                    0.0791127011179924,
                    0.3189135193824768
                ],
                [
                    0.0,
                    0.37558814883232117,
                    0.9267866015434265,
                    3.7359964847564697
                ],
                [
                    0.0,
                    0.0,
                    0.0,
                    1.0
                ]
            ]
        },
        {
            "file_path": "train/r_10",
            "rotation": 0.06283185307179587,
            "transform_matrix": [
                [
                    -0.9949508905410767,
                    -0.027349920943379402,
                    0.0965636745095253,
                    0.3892606198787689
                ],
                [
                    0.1003621369600296,
                    -0.2711363732814789,
                    0.9572944045066833,
                    3.8589770793914795
                ],
                [
                    -1.8626448161640496e-09,
                    0.962152361869812,
                    0.2725123167037964,
                    1.0985323190689087
                ],
                [
                    0.0,
                    0.0,
                    0.0,
                    1.0
                ]
            ]
        },
        {
            "file_path": "train/r_11",
            "rotation": 0.06283185307179587,
            "transform_matrix": [
                [
                    -0.25188979506492615,
                    -0.4526013135910034,
                    0.8553966879844666,
                    3.448214530944824
                ],
                [
                    0.9677559733390808,
                    -0.11780412495136261,
                    0.22264464199543,
                    0.8975093364715576
                ],
                [
                    0.0,
                    0.8838971257209778,
                    0.46768122911453247,
                    1.8852834701538086
                ],
                [
                    0.0,
                    0.0,
                    0.0,
                    1.0
                ]
            ]
        },
        {
            "file_path": "train/r_12",
            "rotation": 0.06283185307179587,
            "transform_matrix": [
                [
                    -0.7970582246780396,
                    -0.4152599275112152,
                    0.43847155570983887,
                    1.7675354480743408
                ],
                [
                    0.6039024591445923,
                    -0.5480791330337524,
                    0.578714907169342,
                    2.3328745365142822
                ],
                [
                    0.0,
                    0.7260634899139404,
                    0.6876274943351746,
                    2.7719154357910156
                ],
                [
                    0.0,
                    0.0,
                    0.0,
                    1.0
                ]
            ]
        },
        {
            "file_path": "train/r_13",
            "rotation": 0.06283185307179587,
            "transform_matrix": [
                [
                    0.9995796084403992,
                    -0.018623219802975655,
                    0.02221839688718319,
                    0.0895652323961258
                ],
                [
                    0.028991060331463814,
                    0.6421079635620117,
                    -0.7660656571388245,
                    -3.0881097316741943
                ],
                [
                    0.0,
                    0.7663878202438354,
                    0.6423779726028442,
                    2.5895087718963623
                ],
                [
                    0.0,
                    0.0,
                    0.0,
                    1.0
                ]
            ]
        },
        {
            "file_path": "train/r_14",
            "rotation": 0.06283185307179587,
            "transform_matrix": [
                [
                    0.9927532076835632,
                    -0.030814677476882935,
                    0.11615242063999176,
                    0.4682254195213318
                ],
                [
                    0.12017042189836502,
                    0.2545665502548218,
                    -0.9595596790313721,
                    -3.8681089878082275
                ],
                [
                    0.0,
                    0.9665641188621521,
                    0.25642478466033936,
                    1.0336815118789673
                ],
                [
                    0.0,
                    0.0,
                    0.0,
                    1.0
                ]
            ]
        },
        {
            "file_path": "train/r_15",
            "rotation": 0.06283185307179587,
            "transform_matrix": [
                [
                    0.6726909875869751,
                    0.7115650773048401,
                    -0.20288418233394623,
                    -0.8178523778915405
                ],
                [
                    -0.7399235367774963,
                    0.6469092965126038,
                    -0.18444927036762238,
                    -0.7435388565063477
                ],
                [
                    0.0,
                    0.2741960883140564,
                    0.9616737365722656,
                    3.876631021499634
                ],
                [
                    0.0,
                    0.0,
                    0.0,
                    1.0
                ]
            ]
        },
        {
            "file_path": "train/r_16",
            "rotation": 0.06283185307179587,
            "transform_matrix": [
                [
                    -0.23615653812885284,
                    -0.2930273115634918,
                    0.9264798760414124,
                    3.734760046005249
                ],
                [
                    0.9717150926589966,
                    -0.07121460884809494,
                    0.22516298294067383,
                    0.9076610803604126
                ],
                [
                    0.0,
                    0.9534481763839722,
                    0.3015568256378174,
                    1.2156145572662354
                ],
                [
                    0.0,
                    0.0,
                    0.0,
                    1.0
                ]
            ]
        },
        {
            "file_path": "train/r_17",
            "rotation": 0.06283185307179587,
            "transform_matrix": [
                [
                    0.45322054624557495,
                    0.1734205037355423,
                    -0.874366283416748,
                    -3.5246832370758057
                ],
                [
                    -0.8913982510566711,
                    0.0881735309958458,
                    -0.44456082582473755,
                    -1.7920819520950317
                ],
                [
                    0.0,
                    0.9808928370475769,
                    0.1945488154888153,
                    0.78425133228302
                ],
                [
                    0.0,
                    0.0,
                    0.0,
                    1.0
                ]
            ]
        },
        {
            "file_path": "train/r_18",
            "rotation": 0.06283185307179587,
            "transform_matrix": [
                [
                    -0.9629051089286804,
                    -0.06682512164115906,
                    0.26143473386764526,
                    1.0538771152496338
                ],
                [
                    0.26984015107154846,
                    -0.23846061527729034,
                    0.9329109191894531,
                    3.7606842517852783
                ],
                [
                    0.0,
                    0.9688503742218018,
                    0.24764703214168549,
                    0.9982970952987671
                ],
                [
                    0.0,
                    0.0,
                    0.0,
                    1.0
                ]
            ]
        },
        {
            "file_path": "train/r_19",
            "rotation": 0.06283185307179587,
            "transform_matrix": [
                [
                    -0.46833696961402893,
                    0.7859460115432739,
                    -0.4036698043346405,
                    -1.6272450685501099
                ],
                [
                    -0.8835499286651611,
                    -0.41660076379776,
                    0.2139703631401062,
                    0.8625421524047852
                ],
                [
                    0.0,
                    0.4568727910518646,
                    0.8895321488380432,
                    3.5858187675476074
                ],
                [
                    0.0,
                    0.0,
                    0.0,
                    1.0
                ]
            ]
        },
        {
            "file_path": "train/r_20",
            "rotation": 0.06283185307179587,
            "transform_matrix": [
                [
                    0.0814618170261383,
                    0.19046148657798767,
                    -0.9783090353012085,
                    -3.9436893463134766
                ],
                [
                    -0.9966764450073242,
                    0.01556707639247179,
                    -0.07996058464050293,
                    -0.32233139872550964
                ],
                [
                    0.0,
                    0.9815711975097656,
                    0.19109663367271423,
                    0.7703350782394409
                ],
                [
                    0.0,
                    0.0,
                    0.0,
                    1.0
                ]
            ]
        },
        {
            "file_path": "train/r_21",
            "rotation": 0.06283185307179587,
            "transform_matrix": [
                [
                    -0.25205081701278687,
                    -0.9105085730552673,
                    0.32778725028038025,
                    1.3213527202606201
                ],
                [
                    0.9677140116691589,
                    -0.23715107142925262,
                    0.08537547290325165,
                    0.3441595435142517
                ],
                [
                    0.0,
                    0.33872324228286743,
                    0.9408860206604004,
                    3.792832851409912
                ],
                [
                    0.0,
                    0.0,
                    0.0,
                    1.0
                ]
            ]
        },
        {
            "file_path": "train/r_22",
            "rotation": 0.06283185307179587,
            "transform_matrix": [
                [
                    0.9305495619773865,
                    0.1317450851202011,
                    -0.34164413809776306,
                    -1.3772116899490356
                ],
                [
                    -0.36616596579551697,
                    0.3348081409931183,
                    -0.868231475353241,
                    -3.499953269958496
                ],
                [
                    7.450580596923828e-09,
                    0.9330309629440308,
                    0.35979610681533813,
                    1.4503846168518066
                ],
                [
                    0.0,
                    0.0,
                    0.0,
                    1.0
                ]
            ]
        },
        {
            "file_path": "train/r_23",
            "rotation": 0.06283185307179587,
            "transform_matrix": [
                [
                    0.9285561442375183,
                    -0.06830243766307831,
                    0.3648538291454315,
                    1.4707728624343872
                ],
                [
                    0.3711920380592346,
                    0.170862078666687,
                    -0.9127007126808167,
                    -3.6792142391204834
                ],
                [
                    0.0,
                    0.9829246401786804,
                    0.18400835990905762,
                    0.7417614459991455
                ],
                [
                    0.0,
                    0.0,
                    0.0,
                    1.0
                ]
            ]
        },
        {
            "file_path": "train/r_24",
            "rotation": 0.06283185307179587,
            "transform_matrix": [
                [
                    0.9947500228881836,
                    0.052076876163482666,
                    -0.08809392154216766,
                    -0.35511794686317444
                ],
                [
                    -0.10233543068170547,
                    0.5062124133110046,
                    -0.8563156127929688,
                    -3.451918601989746
                ],
                [
                    -3.725290298461914e-09,
                    0.8608350157737732,
                    0.5088841319084167,
                    2.051377534866333
                ],
                [
                    0.0,
                    0.0,
                    0.0,
                    1.0
                ]
            ]
        },
        {
            "file_path": "train/r_25",
            "rotation": 0.06283185307179587,
            "transform_matrix": [
                [
                    -0.739399254322052,
                    0.43242591619491577,
                    -0.516039252281189,
                    -2.0802206993103027
                ],
                [
                    -0.6732671856880188,
                    -0.4749011993408203,
                    0.5667275190353394,
                    2.2845516204833984
                ],
                [
                    1.4901162970204496e-08,
                    0.766470193862915,
                    0.642279863357544,
                    2.5891129970550537
                ],
                [
                    0.0,
                    0.0,
                    0.0,
                    1.0
                ]
            ]
        },
        {
            "file_path": "train/r_26",
            "rotation": 0.06283185307179587,
            "transform_matrix": [
                [
                    0.760228157043457,
                    0.12028419971466064,
                    -0.6384236812591553,
                    -2.573568105697632
                ],
                [
                    -0.6496560573577881,
                    0.14075669646263123,
                    -0.7470840215682983,
                    -3.011591911315918
                ],
                [
                    0.0,
                    0.9827101230621338,
                    0.18515059351921082,
                    0.7463659048080444
                ],
                [
                    0.0,
                    0.0,
                    0.0,
                    1.0
                ]
            ]
        },
        {
            "file_path": "train/r_27",
            "rotation": 0.06283185307179587,
            "transform_matrix": [
                [
                    -0.0031733575742691755,
                    -0.8594717979431152,
                    0.5111733078956604,
                    2.060605525970459
                ],
                [
                    0.9999949932098389,
                    -0.0027274249587208033,
                    0.0016221439000219107,
                    0.006539071444422007
                ],
                [
                    0.0,
                    0.5111757516860962,
                    0.8594761490821838,
                    3.4646592140197754
                ],
                [
                    0.0,
                    0.0,
                    0.0,
                    1.0
                ]
            ]
        },
        {
            "file_path": "train/r_28",
            "rotation": 0.06283185307179587,
            "transform_matrix": [
                [
                    0.8592046499252319,
                    0.4345296323299408,
                    -0.2700950801372528,
                    -1.0887882709503174
                ],
                [
                    -0.5116320848464966,
                    0.729723334312439,
                    -0.45358169078826904,
                    -1.828446388244629
                ],
                [
                    1.4901161193847656e-08,
                    0.5279086828231812,
                    0.8493009805679321,
                    3.4236419200897217
                ],
                [
                    0.0,
                    0.0,
                    0.0,
                    1.0
                ]
            ]
        },
        {
            "file_path": "train/r_29",
            "rotation": 0.06283185307179587,
            "transform_matrix": [
                [
                    0.15053054690361023,
                    -0.6401795148849487,
                    0.7533330321311951,
                    3.036782741546631
                ],
                [
                    0.9886053800582886,
                    0.09747730195522308,
                    -0.11470668762922287,
                    -0.4623974859714508
                ],
                [
                    0.0,
                    0.7620159983634949,
                    0.6475580930709839,
                    2.6103904247283936
                ],
                [
                    0.0,
                    0.0,
                    0.0,
                    1.0
                ]
            ]
        },
        {
            "file_path": "train/r_30",
            "rotation": 0.06283185307179587,
            "transform_matrix": [
                [
                    0.6883891224861145,
                    0.6353759169578552,
                    -0.34988266229629517,
                    -1.4104220867156982
                ],
                [
                    -0.7253416180610657,
                    0.6030066609382629,
                    -0.3320578932762146,
                    -1.3385682106018066
                ],
                [
                    -1.4901161193847656e-08,
                    0.48236945271492004,
                    0.8759678602218628,
                    3.531139373779297
                ],
                [
                    0.0,
                    0.0,
                    0.0,
                    1.0
                ]
            ]
        },
        {
            "file_path": "train/r_31",
            "rotation": 0.06283185307179587,
            "transform_matrix": [
                [
                    -0.9761002063751221,
                    -0.19932669401168823,
                    0.08658750355243683,
                    0.34904539585113525
                ],
                [
                    0.2173212617635727,
                    -0.8952774405479431,
                    0.3889084458351135,
                    1.5677400827407837
                ],
                [
                    7.450580596923828e-09,
                    0.3984309434890747,
                    0.9171983599662781,
                    3.6973447799682617
                ],
                [
                    0.0,
                    0.0,
                    0.0,
                    1.0
                ]
            ]
        },
        {
            "file_path": "train/r_32",
            "rotation": 0.06283185307179587,
            "transform_matrix": [
                [
                    -0.9986850023269653,
                    0.033378127962350845,
                    -0.038913048803806305,
                    -0.1568635255098343
                ],
                [
                    -0.051267191767692566,
                    -0.6502059698104858,
                    0.7580262422561646,
                    3.055701732635498
                ],
                [
                    0.0,
                    0.7590242624282837,
                    0.6510621309280396,
                    2.6245155334472656
                ],
                [
                    0.0,
                    0.0,
                    0.0,
                    1.0
                ]
            ]
        },
        {
            "file_path": "train/r_33",
            "rotation": 0.06283185307179587,
            "transform_matrix": [
                [
                    -0.2579110562801361,
                    -0.5823002457618713,
                    0.7709787487983704,
                    3.107914924621582
                ],
                [
                    0.9661687016487122,
                    -0.15544043481349945,
                    0.2058066576719284,
                    0.8296332359313965
                ],
                [
                    0.0,
                    0.7979754209518433,
                    0.6026899814605713,
                    2.429521322250366
                ],
                [
                    0.0,
                    0.0,
                    0.0,
                    1.0
                ]
            ]
        },
        {
            "file_path": "train/r_34",
            "rotation": 0.06283185307179587,
            "transform_matrix": [
                [
                    -0.9601089358329773,
                    0.2576746642589569,
                    -0.10860282927751541,
                    -0.43779200315475464
                ],
                [
                    -0.27962616086006165,
                    -0.8847374320030212,
                    0.3728926479816437,
                    1.503178358078003
                ],
                [
                    0.0,
                    0.3883857727050781,
                    0.9214968681335449,
                    3.714672803878784
                ],
                [
                    0.0,
                    0.0,
                    0.0,
                    1.0
                ]
            ]
        },
        {
            "file_path": "train/r_35",
            "rotation": 0.06283185307179587,
            "transform_matrix": [
                [
                    -0.6106981039047241,
                    -0.5124570727348328,
                    0.6036849021911621,
                    2.4335319995880127
                ],
                [
                    0.7918634414672852,
                    -0.39521533250808716,
                    0.46557173132896423,
                    1.8767797946929932
                ],
                [
                    0.0,
                    0.7623599171638489,
                    0.6471531987190247,
                    2.6087582111358643
                ],
                [
                    0.0,
                    0.0,
                    0.0,
                    1.0
                ]
            ]
        },
        {
            "file_path": "train/r_36",
            "rotation": 0.06283185307179587,
            "transform_matrix": [
                [
                    0.9298718571662903,
                    0.3299836814403534,
                    -0.16263192892074585,
                    -0.655590295791626
                ],
                [
                    -0.36788368225097656,
                    0.8340749144554138,
                    -0.4110724925994873,
                    -1.6570862531661987
                ],
                [
                    0.0,
                    0.4420742094516754,
                    0.8969784379005432,
                    3.615835666656494
                ],
                [
                    0.0,
                    0.0,
                    0.0,
                    1.0
                ]
            ]
        },
        {
            "file_path": "train/r_37",
            "rotation": 0.06283185307179587,
            "transform_matrix": [
                [
                    -0.7838170528411865,
                    -0.3469254672527313,
                    0.5150471925735474,
                    2.0762217044830322
                ],
                [
                    0.6209918856620789,
                    -0.4378899335861206,
                    0.6500934362411499,
                    2.620610475540161
                ],
                [
                    0.0,
                    0.8293942809104919,
                    0.5586634874343872,
                    2.252044439315796
                ],
                [
                    0.0,
                    0.0,
                    0.0,
                    1.0
                ]
            ]
        },
        {
            "file_path": "train/r_38",
            "rotation": 0.06283185307179587,
            "transform_matrix": [
                [
                    0.846252977848053,
                    0.41134580969810486,
                    -0.3386008143424988,
                    -1.3649436235427856
                ],
                [
                    -0.5327812433242798,
                    0.6533686518669128,
                    -0.5378227829933167,
                    -2.1680331230163574
                ],
                [
                    0.0,
                    0.6355343461036682,
                    0.7720724940299988,
                    3.1123239994049072
                ],
                [
                    0.0,
                    0.0,
                    0.0,
                    1.0
                ]
            ]
        },
        {
            "file_path": "train/r_39",
            "rotation": 0.06283185307179587,
            "transform_matrix": [
                [
                    0.10111331194639206,
                    -0.6984000205993652,
                    0.7085290551185608,
                    2.8561723232269287
                ],
                [
                    0.9948749542236328,
                    0.07098132371902466,
                    -0.07201077789068222,
                    -0.29028475284576416
                ],
                [
                    0.0,
                    0.7121791839599609,
                    0.701997697353363,
                    2.829843521118164
                ],
                [
                    0.0,
                    0.0,
                    0.0,
                    1.0
                ]
            ]
        },
        {
            "file_path": "train/r_40",
            "rotation": 0.06283185307179587,
            "transform_matrix": [
                [
                    0.994379460811615,
                    -0.07248025387525558,
                    0.07717680186033249,
                    0.31110963225364685
                ],
                [
                    0.10587562620639801,
                    0.6807315349578857,
                    -0.724841296672821,
                    -2.921928644180298
                ],
                [
                    0.0,
                    0.7289384007453918,
                    0.6845792531967163,
                    2.759627342224121
                ],
                [
                    0.0,
                    0.0,
                    0.0,
                    1.0
                ]
            ]
        },
        {
            "file_path": "train/r_41",
            "rotation": 0.06283185307179587,
            "transform_matrix": [
                [
                    -0.06503044068813324,
                    -0.6321563720703125,
                    0.7721070051193237,
                    3.1124629974365234
                ],
                [
                    0.9978833198547363,
                    -0.041196610778570175,
                    0.05031696334481239,
                    0.20283417403697968
                ],
                [
                    0.0,
                    0.7737448215484619,
                    0.6334973573684692,
                    2.5537095069885254
                ],
                [
                    0.0,
                    0.0,
                    0.0,
                    1.0
                ]
            ]
        },
        {
            "file_path": "train/r_42",
            "rotation": 0.06283185307179587,
            "transform_matrix": [
                [
                    0.4883417785167694,
                    -0.5656442642211914,
                    0.6645063757896423,
                    2.678710699081421
                ],
                [
                    0.8726524114608765,
                    0.31653809547424316,
                    -0.3718619644641876,
                    -1.4990234375
                ],
                [
                    0.0,
                    0.761478841304779,
                    0.6481897830963135,
                    2.612936496734619
                ],
                [
                    0.0,
                    0.0,
                    0.0,
                    1.0
                ]
            ]
        },
        {
            "file_path": "train/r_43",
            "rotation": 0.06283185307179587,
            "transform_matrix": [
                [
                    -0.830252468585968,
                    -0.1007692813873291,
                    0.5482028722763062,
                    2.209876775741577
                ],
                [
                    0.5573875904083252,
                    -0.15010011196136475,
                    0.8165714144706726,
                    3.2917048931121826
                ],
                [
                    0.0,
                    0.9835219383239746,
                    0.18078851699829102,
                    0.7287818789482117
                ],
                [
                    0.0,
                    0.0,
                    0.0,
                    1.0
                ]
            ]
        },
        {
            "file_path": "train/r_44",
            "rotation": 0.06283185307179587,
            "transform_matrix": [
                [
                    0.8248400092124939,
                    0.30265742540359497,
                    -0.47753265500068665,
                    -1.92499577999115
                ],
                [
                    -0.565366268157959,
                    0.4415614604949951,
                    -0.6966953277587891,
                    -2.808468818664551
                ],
                [
                    -1.4901161193847656e-08,
                    0.8446430563926697,
                    0.5353298187255859,
                    2.1579837799072266
                ],
                [
                    0.0,
                    0.0,
                    0.0,
                    1.0
                ]
            ]
        },
        {
            "file_path": "train/r_45",
            "rotation": 0.06283185307179587,
            "transform_matrix": [
                [
                    0.9644255638122559,
                    0.2444797307252884,
                    -0.10056300461292267,
                    -0.4053824245929718
                ],
                [
                    -0.2643543779850006,
                    0.8919182419776917,
                    -0.3668769598007202,
                    -1.4789283275604248
                ],
                [
                    0.0,
                    0.3804098069667816,
                    0.9248180389404297,
                    3.728060483932495
                ],
                [
