{
    "camera_angle_x": 0.6911112070083618,
    "frames": [
        {
            "file_path": "train/r_0",
            "rotation": 0.06283185307179587,
            "transform_matrix": [
                [
                    -0.06153176724910736,
                    -0.9637224078178406,
                    0.2597168982028961,
                    2.08178973197937
                ],
                [
                    0.9981051087379456,
                    -0.05941212177276611,
                    0.016011178493499756,
                    0.12833938002586365
                ],
                [
                    9.313225746154785e-10,
                    0.2602100968360901,
                    0.9655519127845764,
                    7.73948860168457
                ],
                [
                    0.0,
                    0.0,
                    0.0,
                    1.0
                ]
            ]
        },
        {
            "file_path": "train/r_1",
            "rotation": 0.06283185307179587,
            "transform_matrix": [
                [
                    -0.9998183846473694,
                    -0.016666630282998085,
                    0.009237655438482761,
                    0.07404544949531555
                ],
                [
                    0.01905546709895134,
                    -0.8744788765907288,
                    0.4846891164779663,
                    3.8850789070129395
                ],
                [
                    0.0,
                    0.48477715253829956,
                    0.8746376037597656,
                    7.010754108428955
                ],
                [
                    0.0,
                    0.0,
                    0.0,
                    1.0
                ]
            ]
        },
        {
            "file_path": "train/r_2",
            "rotation": 0.06283185307179587,
            "transform_matrix": [
                [
                    0.7990766763687134,
                    0.44913941621780396,
                    -0.39968758821487427,
                    -3.203739643096924
                ],
                [
                    -0.6012290120124817,
                    0.5969386696815491,
                    -0.5312135815620422,
                    -4.25800085067749
                ],
                [
                    1.4901160305669237e-08,
                    0.6647841930389404,
                    0.7470354437828064,
                    5.987944602966309
                ],
                [
                    0.0,
                    0.0,
                    0.0,
                    1.0
                ]
            ]
        },
        {
            "file_path": "train/r_3",
            "rotation": 0.06283185307179587,
            "transform_matrix": [
                [
                    0.561005175113678,
                    -0.22699467837810516,
                    0.7960820198059082,
                    6.381082534790039
                ],
                [
                    0.827812135219574,
                    0.15383343398571014,
                    -0.5395017862319946,
                    -4.324435710906982
                ],
                [
                    0.0,
                    0.9616696834564209,
                    0.2742103636264801,
                    2.197963237762451
                ],
                [
                    0.0,
                    0.0,
                    0.0,
                    1.0
                ]
            ]
        },
        {
            "file_path": "train/r_4",
            "rotation": 0.06283185307179587,
            "transform_matrix": [
                [
                    0.6100735664367676,
                    0.46613484621047974,
                    -0.6407250165939331,
                    -5.135802268981934
                ],
                [
                    -0.7923448085784912,
                    0.35890501737594604,
                    -0.4933324456214905,
                    -3.9543604850769043
                ],
                [
                    -1.4901161193847656e-08,
                    0.8086442351341248,
                    0.5882979035377502,
                    4.715566635131836
                ],
                [
                    0.0,
                    0.0,
                    0.0,
                    1.0
                ]
            ]
        },
        {
            "file_path": "train/r_5",
            "rotation": 0.06283185307179587,
            "transform_matrix": [
                [
                    0.5968607068061829,
                    0.5455131530761719,
                    -0.58836430311203,
                    -4.716098785400391
                ],
                [
                    -0.802344799041748,
                    0.4058048725128174,
                    -0.4376815855503082,
                    -3.5082848072052
                ],
                [
                    2.9802320611338473e-08,
                    0.7333059906959534,
                    0.679898738861084,
                    5.449802875518799
                ],
                [
                    0.0,
                    0.0,
                    0.0,
                    1.0
                ]
            ]
        },
        {
            "file_path": "train/r_6",
            "rotation": 0.06283185307179587,
            "transform_matrix": [
                [
                    0.8891083598136902,
                    -0.45607686042785645,
                    0.03847356513142586,
                    0.3083890676498413
                ],
                [
                    0.45769670605659485,
                    0.8859617114067078,
                    -0.07473763078451157,
                    -0.5990676879882812
                ],
                [
                    0.0,
                    0.08405864983797073,
                    0.9964607954025269,
                    7.987240791320801
                ],
                [
                    0.0,
                    0.0,
                    0.0,
                    1.0
                ]
            ]
        },
        {
            "file_path": "train/r_7",
            "rotation": 0.06283185307179587,
            "transform_matrix": [
                [
                    -0.8746011257171631,
                    0.4263265132904053,
                    -0.2309083789587021,
                    -1.8508715629577637
                ],
                [
                    -0.48484328389167786,
                    -0.7690436244010925,
                    0.4165319502353668,
                    3.3387577533721924
                ],
                [
                    0.0,
                    0.47625359892845154,
                    0.8793078660964966,
                    7.048189163208008
                ],
                [
                    0.0,
                    0.0,
                    0.0,
                    1.0
                ]
            ]
        },
        {
            "file_path": "train/r_8",
            "rotation": 0.06283185307179587,
            "transform_matrix": [
                [
                    0.8587011098861694,
                    -0.11281388252973557,
                    0.49990546703338623,
                    4.007047176361084
                ],
                [
                    0.5124768018722534,
                    0.18902982771396637,
                    -0.8376366496086121,
                    -6.714168548583984
                ],
                [
                    -7.450581485102248e-09,
                    0.9754694700241089,
                    0.22013460099697113,
                    1.7645130157470703
                ],
                [
                    0.0,
                    0.0,
                    0.0,
                    1.0
                ]
            ]
        },
        {
            "file_path": "train/r_9",
            "rotation": 0.06283185307179587,
            "transform_matrix": [
                [
                    -0.34978872537612915,
                    -0.7260854244232178,
                    0.5919862389564514,
                    4.745131015777588
                ],
                [
                    0.93682861328125,
                    -0.2711024284362793,
                    0.22103309631347656,
                    1.7717151641845703
                ],
                [
                    0.0,
                    0.6319046020507812,
                    0.7750461101531982,
                    6.212467670440674
                ],
                [
                    0.0,
                    0.0,
                    0.0,
                    1.0
                ]
            ]
        },
        {
            "file_path": "train/r_10",
            "rotation": 0.06283185307179587,
            "transform_matrix": [
                [
                    0.8923091888427734,
                    -0.25568991899490356,
                    0.37203097343444824,
                    2.982055187225342
                ],
                [
                    0.45142486691474915,
                    0.5054095983505249,
                    -0.7353752255439758,
                    -5.894481182098389
                ],
                [
                    1.4901161193847656e-08,
                    0.824126124382019,
                    0.56640625,
                    4.5400919914245605
                ],
                [
                    0.0,
                    0.0,
                    0.0,
                    1.0
                ]
            ]
        },
        {
            "file_path": "train/r_11",
            "rotation": 0.06283185307179587,
            "transform_matrix": [
                [
                    0.1838620901107788,
                    -0.717525839805603,
                    0.671826958656311,
                    5.38510274887085
                ],
                [
                    0.9829520583152771,
                    0.1342138797044754,
                    -0.12566585838794708,
                    -1.0072884559631348
                ],
                [
                    -7.450580596923828e-09,
                    0.6834787726402283,
                    0.7299703359603882,
                    5.851157188415527
                ],
                [
                    0.0,
                    0.0,
                    0.0,
                    1.0
                ]
            ]
        },
        {
            "file_path": "train/r_12",
            "rotation": 0.06283185307179587,
            "transform_matrix": [
                [
                    0.9996044039726257,
                    0.022622279822826385,
                    -0.016706818714737892,
                    -0.13391534984111786
                ],
                [
                    -0.028122682124376297,
                    0.8040957450866699,
                    -0.5938341617584229,
                    -4.75994348526001
                ],
                [
                    -9.313225746154785e-10,
                    0.5940691828727722,
                    0.8044138550758362,
                    6.4478678703308105
                ],
                [
                    0.0,
                    0.0,
                    0.0,
                    1.0
                ]
            ]
        },
        {
            "file_path": "train/r_13",
            "rotation": 0.06283185307179587,
            "transform_matrix": [
                [
                    0.6441218852996826,
                    -0.3121963441371918,
                    0.6983124017715454,
                    5.597400188446045
                ],
                [
                    0.7649227380752563,
                    0.26289257407188416,
                    -0.5880310535430908,
                    -4.713428020477295
                ],
                [
                    0.0,
                    0.9129188656806946,
                    0.4081409275531769,
                    3.271498680114746
                ],
                [
                    0.0,
                    0.0,
                    0.0,
                    1.0
                ]
            ]
        },
        {
            "file_path": "train/r_14",
            "rotation": 0.06283185307179587,
            "transform_matrix": [
                [
                    -0.008604433387517929,
                    -0.9909680485725403,
                    0.13382169604301453,
                    1.072662591934204
                ],
                [
                    0.9999629855155945,
                    -0.00852703396230936,
                    0.001151502481661737,
                    0.009229995310306549
                ],
                [
                    0.0,
                    0.13382628560066223,
                    0.9910047054290771,
                    7.943507194519043
                ],
                [
                    0.0,
                    0.0,
                    0.0,
                    1.0
                ]
            ]
        },
        {
            "file_path": "train/r_15",
            "rotation": 0.06283185307179587,
            "transform_matrix": [
                [
                    0.827843427658081,
                    0.4069938063621521,
                    -0.3860458731651306,
                    -3.094393253326416
                ],
                [
                    -0.5609593987464905,
                    0.600626528263092,
                    -0.5697124004364014,
                    -4.566592693328857
                ],
                [
                    -2.980232594040899e-08,
                    0.6881885528564453,
                    0.7255316972732544,
                    5.815579414367676
                ],
                [
                    0.0,
                    0.0,
                    0.0,
                    1.0
                ]
            ]
        },
        {
            "file_path": "train/r_16",
            "rotation": 0.06283185307179587,
            "transform_matrix": [
                [
                    0.23956233263015747,
                    0.8466483354568481,
                    -0.4751804769039154,
                    -3.808861494064331
                ],
                [
                    -0.970880925655365,
                    0.20890825986862183,
                    -0.11724954098463058,
                    -0.9398266077041626
                ],
                [
                    -7.450580152834618e-09,
                    0.48943230509757996,
                    0.8720412254333496,
                    6.98994255065918
                ],
                [
                    0.0,
                    0.0,
                    0.0,
                    1.0
                ]
            ]
        },
        {
            "file_path": "train/r_17",
            "rotation": 0.06283185307179587,
            "transform_matrix": [
                [
                    -0.43411165475845337,
                    -0.12806157767772675,
                    0.8917102813720703,
                    7.147602558135986
                ],
                [
                    0.9008591771125793,
                    -0.06171110272407532,
                    0.42970290780067444,
                    3.444331169128418
                ],
                [
                    -7.450581485102248e-09,
                    0.9898444414138794,
                    0.14215491712093353,
                    1.139458417892456
                ],
                [
                    0.0,
                    0.0,
                    0.0,
                    1.0
                ]
            ]
        },
        {
            "file_path": "train/r_18",
            "rotation": 0.06283185307179587,
            "transform_matrix": [
                [
                    0.9474605917930603,
                    0.2781464159488678,
                    -0.15796497464179993,
                    -1.2661856412887573
                ],
                [
                    -0.3198723793029785,
                    0.8238683938980103,
                    -0.46789154410362244,
                    -3.750436305999756
                ],
                [
                    0.0,
                    0.49383744597435,
                    0.8695541620254517,
                    6.970007419586182
                ],
                [
                    0.0,
                    0.0,
                    0.0,
                    1.0
                ]
            ]
        },
        {
            "file_path": "train/r_19",
            "rotation": 0.06283185307179587,
            "transform_matrix": [
                [
                    -0.4262608289718628,
                    -0.4840385615825653,
                    0.7642043232917786,
                    6.125564098358154
                ],
                [
                    0.9046001434326172,
                    -0.22808606922626495,
                    0.3601042628288269,
                    2.886455535888672
                ],
                [
                    0.0,
                    0.8447977304458618,
                    0.5350855588912964,
                    4.289037227630615
                ],
                [
                    0.0,
                    0.0,
                    0.0,
                    1.0
                ]
            ]
        },
        {
            "file_path": "train/r_20",
            "rotation": 0.06283185307179587,
            "transform_matrix": [
                [
                    -0.5334028601646423,
                    0.7284908890724182,
                    -0.4298633635044098,
                    -3.445617198944092
                ],
                [
                    -0.8458613753318787,
                    -0.4593886435031891,
                    0.27107319235801697,
                    2.1728172302246094
                ],
                [
                    1.4901161193847656e-08,
                    0.5081959366798401,
                    0.8612414002418518,
                    6.903375148773193
                ],
                [
                    0.0,
                    0.0,
                    0.0,
                    1.0
                ]
            ]
        },
        {
            "file_path": "train/r_21",
            "rotation": 0.06283185307179587,
            "transform_matrix": [
                [
                    0.9260697960853577,
                    0.3092007637023926,
                    -0.21630920469760895,
                    -1.7338502407073975
                ],
                [
                    -0.37735238671302795,
                    0.758817195892334,
                    -0.5308496952056885,
                    -4.25508451461792
                ],
                [
                    0.0,
                    0.573228657245636,
                    0.8193953633308411,
                    6.567954063415527
                ],
                [
                    0.0,
                    0.0,
                    0.0,
                    1.0
                ]
            ]
        },
        {
            "file_path": "train/r_22",
            "rotation": 0.06283185307179587,
            "transform_matrix": [
                [
                    0.9999988079071045,
                    0.001026049256324768,
                    -0.0011761970818042755,
                    -0.009427936747670174
                ],
                [
                    -0.0015608384273946285,
                    0.6573697924613953,
                    -0.753566563129425,
                    -6.040295600891113
                ],
                [
                    5.820766091346741e-11,
                    0.7535675168037415,
                    0.6573705673217773,
                    5.26922607421875
                ],
                [
                    0.0,
                    0.0,
                    0.0,
                    1.0
                ]
            ]
        },
        {
            "file_path": "train/r_23",
            "rotation": 0.06283185307179587,
            "transform_matrix": [
                [
                    -0.24233044683933258,
                    -0.7044833302497864,
                    0.6670676469802856,
                    5.346953868865967
                ],
                [
                    0.9701938033103943,
                    -0.17596253752708435,
                    0.1666170358657837,
                    1.335537075996399
                ],
                [
                    -1.4901161193847656e-08,
                    0.6875610947608948,
                    0.7261264324188232,
                    5.820345878601074
                ],
                [
                    0.0,
                    0.0,
                    0.0,
                    1.0
                ]
            ]
        },
        {
            "file_path": "train/r_24",
            "rotation": 0.06283185307179587,
            "transform_matrix": [
                [
                    -0.8823707699775696,
                    -0.31233805418014526,
                    0.35194718837738037,
                    2.8210713863372803
                ],
                [
                    0.4705548882484436,
                    -0.5856872200965881,
                    0.6599611043930054,
                    5.289990425109863
                ],
                [
                    0.0,
                    0.7479408383369446,
                    0.6637653708457947,
                    5.320484161376953
                ],
                [
                    0.0,
                    0.0,
                    0.0,
                    1.0
                ]
            ]
        },
        {
            "file_path": "train/r_25",
            "rotation": 0.06283185307179587,
            "transform_matrix": [
                [
                    -0.7604266405105591,
                    0.37724921107292175,
                    -0.5286155343055725,
                    -4.237176418304443
                ],
                [
                    -0.6494239568710327,
                    -0.4417304992675781,
                    0.6189691424369812,
                    4.9614152908325195
                ],
                [
                    0.0,
                    0.8139762282371521,
                    0.5808981657028198,
                    4.656253337860107
                ],
                [
                    0.0,
                    0.0,
                    0.0,
                    1.0
                ]
            ]
        },
        {
            "file_path": "train/r_26",
            "rotation": 0.06283185307179587,
            "transform_matrix": [
                [
                    0.3423331379890442,
                    0.4626697897911072,
                    -0.8177680969238281,
                    -6.554909706115723
                ],
                [
                    -0.9395785927772522,
                    0.16857261955738068,
                    -0.2979518175125122,
                    -2.388265371322632
                ],
                [
                    1.4901158529312397e-08,
                    0.8703562021255493,
                    0.4924226999282837,
                    3.947068214416504
                ],
                [
                    0.0,
                    0.0,
                    0.0,
                    1.0
                ]
            ]
        },
        {
            "file_path": "train/r_27",
            "rotation": 0.06283185307179587,
            "transform_matrix": [
                [
                    -0.32610270380973816,
                    0.8395854830741882,
                    -0.43445730209350586,
                    -3.48244047164917
                ],
                [
                    -0.9453343152999878,
                    -0.28962358832359314,
                    0.14987047016620636,
                    1.201303243637085
                ],
                [
                    0.0,
                    0.4595804810523987,
                    0.8881359696388245,
                    7.118951797485352
                ],
                [
                    0.0,
                    0.0,
                    0.0,
                    1.0
                ]
            ]
        },
        {
            "file_path": "train/r_28",
            "rotation": 0.06283185307179587,
            "transform_matrix": [
                [
                    0.9046216011047363,
                    0.09557885676622391,
                    -0.41536054015159607,
                    -3.3293678760528564
                ],
                [
                    -0.4262154996395111,
                    0.2028614580631256,
                    -0.8815824389457703,
                    -7.066420555114746
                ],
                [
                    0.0,
                    0.9745315909385681,
                    0.22425009310245514,
                    1.7975012063980103
                ],
                [
                    0.0,
                    0.0,
                    0.0,
                    1.0
                ]
            ]
        },
        {
            "file_path": "train/r_29",
            "rotation": 0.06283185307179587,
            "transform_matrix": [
                [
                    0.6442974209785461,
                    -0.14680303633213043,
                    0.7505528926849365,
                    6.016139507293701
                ],
                [
                    0.7647750377655029,
                    0.12367666512727737,
                    -0.6323157548904419,
                    -5.06839656829834
                ],
                [
                    -7.450580596923828e-09,
                    0.9814035296440125,
                    0.19195586442947388,
                    1.5386433601379395
                ],
                [
                    0.0,
                    0.0,
                    0.0,
                    1.0
                ]
            ]
        },
        {
            "file_path": "train/r_30",
            "rotation": 0.06283185307179587,
            "transform_matrix": [
                [
                    -0.3253495395183563,
                    -0.33951324224472046,
                    0.8825408220291138,
                    7.074103355407715
                ],
                [
                    0.9455938339233398,
                    -0.11681598424911499,
                    0.3036549389362335,
                    2.4339797496795654
                ],
                [
                    0.0,
                    0.9333192706108093,
                    0.3590475916862488,
                    2.8779854774475098
                ],
                [
                    0.0,
                    0.0,
                    0.0,
                    1.0
                ]
            ]
        },
        {
            "file_path": "train/r_31",
            "rotation": 0.06283185307179587,
            "transform_matrix": [
                [
                    0.2358803004026413,
                    0.8494817018508911,
                    -0.47195470333099365,
                    -3.7830047607421875
                ],
                [
                    -0.9717822074890137,
                    0.20619435608386993,
                    -0.11455737054347992,
                    -0.9182471632957458
                ],
                [
                    7.450581485102248e-09,
                    0.4856589734554291,
                    0.8741483688354492,
                    7.006832122802734
                ],
                [
                    0.0,
                    0.0,
                    0.0,
                    1.0
                ]
            ]
        },
        {
            "file_path": "train/r_32",
            "rotation": 0.06283185307179587,
            "transform_matrix": [
                [
                    0.9963434338569641,
                    -0.02474699541926384,
                    0.08177727460861206,
                    0.655494749546051
                ],
                [
                    0.08543967455625534,
                    0.28858378529548645,
                    -0.9536347985267639,
                    -7.643964767456055
                ],
                [
                    -1.862645371275562e-09,
                    0.9571346640586853,
                    0.28964290022850037,
                    2.321664571762085
                ],
                [
                    0.0,
                    0.0,
                    0.0,
                    1.0
                ]
            ]
        },
        {
            "file_path": "train/r_33",
            "rotation": 0.06283185307179587,
            "transform_matrix": [
                [
                    0.8046159148216248,
                    -0.10359027981758118,
                    0.5846899747848511,
                    4.686646461486816
                ],
                [
                    0.5937955975532532,
                    0.14036880433559418,
                    -0.7922773361206055,
                    -6.3505859375
                ],
                [
                    -7.450580152834618e-09,
                    0.9846652746200562,
                    0.17445442080497742,
                    1.3983585834503174
                ],
                [
                    0.0,
                    0.0,
                    0.0,
                    1.0
                ]
            ]
        },
        {
            "file_path": "train/r_34",
            "rotation": 0.06283185307179587,
            "transform_matrix": [
                [
                    -0.9554502367973328,
                    0.027645014226436615,
                    -0.2938549518585205,
                    -2.355426788330078
                ],
                [
                    -0.295152485370636,
                    -0.08949080854654312,
                    0.951249897480011,
                    7.624848365783691
                ],
                [
                    -1.862645149230957e-09,
                    0.9956039190292358,
                    0.09366348385810852,
                    0.7507699728012085
                ],
                [
                    0.0,
                    0.0,
                    0.0,
                    1.0
                ]
            ]
        },
        {
            "file_path": "train/r_35",
            "rotation": 0.06283185307179587,
            "transform_matrix": [
                [
                    0.6276810169219971,
                    -0.6685436964035034,
                    0.39883068203926086,
                    3.196871280670166
                ],
                [
                    0.7784706354141235,
                    0.5390468835830688,
                    -0.321577250957489,
                    -2.5776379108428955
                ],
                [
                    1.4901161193847656e-08,
                    0.5123258233070374,
                    0.8587910532951355,
                    6.883734226226807
                ],
                [
                    0.0,
                    0.0,
                    0.0,
                    1.0
                ]
            ]
        },
        {
            "file_path": "train/r_36",
            "rotation": 0.06283185307179587,
            "transform_matrix": [
                [
                    0.9985038638114929,
                    0.019128073006868362,
                    -0.05122687295079231,
                    -0.41061460971832275
                ],
                [
                    -0.05468158423900604,
                    0.34928497672080994,
                    -0.9354196786880493,
                    -7.497959136962891
                ],
                [
                    1.862645149230957e-09,
                    0.9368212819099426,
                    0.34980833530426025,
                    2.803926944732666
                ],
                [
                    0.0,
                    0.0,
                    0.0,
                    1.0
                ]
            ]
        },
        {
            "file_path": "train/r_37",
            "rotation": 0.06283185307179587,
            "transform_matrix": [
                [
                    -0.0737331286072731,
                    -0.6528749465942383,
                    0.7538683414459229,
                    6.042714595794678
                ],
                [
                    0.9972780346870422,
                    -0.048269905149936676,
                    0.055736787617206573,
                    0.44676434993743896
                ],
                [
                    3.725290298461914e-09,
                    0.7559260725975037,
                    0.6546569466590881,
                    5.2474751472473145
                ],
                [
                    0.0,
                    0.0,
                    0.0,
                    1.0
                ]
            ]
        },
        {
            "file_path": "train/r_38",
            "rotation": 0.06283185307179587,
            "transform_matrix": [
                [
                    0.06265537440776825,
                    -0.8845748901367188,
                    0.46217045187950134,
                    3.704577922821045
                ],
                [
                    0.998035192489624,
                    0.05553248152136803,
                    -0.02901447005569935,
                    -0.2325686663389206
                ],
                [
                    0.0,
                    0.46308019757270813,
                    0.8863163590431213,
                    7.104365825653076
                ],
                [
                    0.0,
                    0.0,
                    0.0,
                    1.0
                ]
            ]
        },
        {
            "file_path": "train/r_39",
            "rotation": 0.06283185307179587,
            "transform_matrix": [
                [
                    -0.9106441140174866,
                    0.1864650696516037,
                    -0.36872491240501404,
                    -2.9555552005767822
                ],
                [
                    -0.4131915867328644,
                    -0.41095539927482605,
                    0.8126428127288818,
                    6.513827800750732
                ],
                [
                    0.0,
                    0.8923824429512024,
                    0.4512799084186554,
                    3.617283821105957
                ],
                [
                    0.0,
                    0.0,
                    0.0,
                    1.0
                ]
            ]
        },
        {
            "file_path": "train/r_40",
            "rotation": 0.06283185307179587,
            "transform_matrix": [
                [
                    -0.32257646322250366,
                    -0.8602392077445984,
                    0.39488354325294495,
                    3.1652324199676514
                ],
                [
                    0.9465433955192566,
                    -0.29316452145576477,
                    0.1345740109682083,
                    1.0786927938461304
                ],
                [
                    7.450580152834618e-09,
                    0.4171846807003021,
                    0.908821702003479,
                    7.284759998321533
                ],
                [
                    0.0,
                    0.0,
                    0.0,
                    1.0
                ]
            ]
        },
        {
            "file_path": "train/r_41",
            "rotation": 0.06283185307179587,
            "transform_matrix": [
                [
                    0.40166711807250977,
                    0.3630653917789459,
                    -0.8407419323921204,
                    -6.7390594482421875
                ],
                [
                    -0.9157857298851013,
                    0.15924188494682312,
                    -0.3687526285648346,
                    -2.955777406692505
                ],
                [
                    1.4901160305669237e-08,
                    0.9180552959442139,
                    0.39645227789878845,
                    3.177806854248047
                ],
                [
                    0.0,
                    0.0,
                    0.0,
                    1.0
                ]
            ]
        },
        {
            "file_path": "train/r_42",
            "rotation": 0.06283185307179587,
            "transform_matrix": [
                [
                    -0.8873921632766724,
                    0.19612357020378113,
                    -0.41721779108047485,
                    -3.344255208969116
                ],
                [
                    -0.46101537346839905,
                    -0.37751129269599915,
                    0.8030877709388733,
                    6.437238693237305
                ],
                [
                    1.4901161193847656e-08,
                    0.9049976468086243,
                    0.4254165291786194,
                    3.40997314453125
                ],
                [
                    0.0,
                    0.0,
                    0.0,
                    1.0
                ]
            ]
        },
        {
            "file_path": "train/r_43",
            "rotation": 0.06283185307179587,
            "transform_matrix": [
                [
                    0.26203879714012146,
                    0.9518723487854004,
                    -0.15898001194000244,
                    -1.2743217945098877
                ],
                [
                    -0.9650572538375854,
                    0.2584587633609772,
                    -0.043167319148778915,
                    -0.3460124135017395
                ],
                [
                    0.0,
                    0.16473627090454102,
                    0.9863375425338745,
                    7.906097412109375
                ],
                [
                    0.0,
                    0.0,
                    0.0,
                    1.0
                ]
            ]
        },
        {
            "file_path": "train/r_44",
