{
    "camera_angle_x": 0.6911112070083618,
    "frames": [
        {
            "file_path": "train/r_0",
            "rotation": 0.06283185307179587,
            "transform_matrix": [
                [
                    -0.7855149507522583,
                    0.1986558884382248,
                    -0.5860904455184937,
                    -2.3626062870025635
                ],
                [
                    -0.6188426613807678,
                    -0.25215965509414673,
                    0.743941605091095,
                    2.998924732208252
                ],
                [
                    1.4901161193847656e-08,
                    0.9470751881599426,
                    0.32101190090179443,
                    1.2940404415130615
                ],
                [
                    0.0,
                    0.0,
                    0.0,
                    1.0
                ]
            ]
        },
        {
            "file_path": "train/r_1",
            "rotation": 0.06283185307179587,
            "transform_matrix": [
                [
                    -0.7860155701637268,
                    0.2986413538455963,
                    -0.5412880778312683,
                    -2.182002305984497
                ],
                [
                    -0.6182067394256592,
                    -0.37970593571662903,
                    0.68821781873703,
                    2.7742950916290283
                ],
                [
                    0.0,
                    0.875577986240387,
                    0.483076810836792,
                    1.9473450183868408
                ],
                [
                    0.0,
                    0.0,
                    0.0,
                    1.0
                ]
            ]
        },
        {
            "file_path": "train/r_2",
            "rotation": 0.06283185307179587,
            "transform_matrix": [
                [
                    -0.03584614396095276,
                    0.17449063062667847,
                    -0.9840060472488403,
                    -3.9666554927825928
                ],
                [
                    -0.9993574023246765,
                    -0.006258838344365358,
                    0.035295501351356506,
                    0.1422807276248932
                ],
                [
                    0.0,
                    0.9846389293670654,
                    0.17460283637046814,
                    0.7038466334342957
                ],
                [
                    0.0,
                    0.0,
                    0.0,
                    1.0
                ]
            ]
        },
        {
            "file_path": "train/r_3",
            "rotation": 0.06283185307179587,
            "transform_matrix": [
                [
                    0.444141685962677,
                    -0.13566742837429047,
                    0.885625422000885,
                    3.570070505142212
                ],
                [
                    0.8959566354751587,
                    0.0672527626156807,
                    -0.4390203058719635,
                    -1.7697476148605347
                ],
                [
                    0.0,
                    0.988469123840332,
                    0.1514219045639038,
                    0.6104012727737427
                ],
                [
                    0.0,
                    0.0,
                    0.0,
                    1.0
                ]
            ]
        },
        {
            "file_path": "train/r_4",
            "rotation": 0.06283185307179587,
            "transform_matrix": [
                [
                    -0.05127851665019989,
                    -0.4206398129463196,
                    0.9057773947715759,
                    3.6513054370880127
                ],
                [
                    0.9986844062805176,
                    -0.021598199382424355,
                    0.04650810360908508,
                    0.187480166554451
                ],
                [
                    0.0,
                    0.9069706201553345,
                    0.421193927526474,
                    1.6978870630264282
                ],
                [
                    0.0,
                    0.0,
                    0.0,
                    1.0
                ]
            ]
        },
        {
            "file_path": "train/r_5",
            "rotation": 0.06283185307179587,
            "transform_matrix": [
                [
                    -0.5038144588470459,
                    0.8623315095901489,
                    -0.05054958909749985,
                    -0.2037719190120697
                ],
                [
                    -0.8638118505477905,
                    -0.5029510855674744,
                    0.029482826590538025,
                    0.11884908378124237
                ],
                [
                    0.0,
                    0.058519668877124786,
                    0.9982861876487732,
                    4.0242204666137695
                ],
                [
                    0.0,
                    0.0,
                    0.0,
                    1.0
                ]
            ]
        },
        {
            "file_path": "train/r_6",
            "rotation": 0.06283185307179587,
            "transform_matrix": [
                [
                    -0.637644350528717,
                    0.1685151904821396,
                    -0.7516729831695557,
                    -3.030090808868408
                ],
                [
                    -0.7703309059143066,
                    -0.13948911428451538,
                    0.6222002506256104,
                    2.508169412612915
                ],
                [
                    -7.450580596923828e-09,
                    0.9757793545722961,
                    0.21875689923763275,
                    0.8818372488021851
                ],
                [
                    0.0,
                    0.0,
                    0.0,
                    1.0
                ]
            ]
        },
        {
            "file_path": "train/r_7",
            "rotation": 0.06283185307179587,
            "transform_matrix": [
                [
                    -0.19165509939193726,
                    -0.14100435376167297,
                    0.9712806344032288,
                    3.9153573513031006
                ],
                [
                    0.9814623594284058,
                    -0.02753463014960289,
                    0.18966686725616455,
                    0.7645715475082397
                ],
                [
                    0.0,
                    0.9896259307861328,
                    0.14366760849952698,
                    0.5791426301002502
                ],
                [
                    0.0,
                    0.0,
                    0.0,
                    1.0
                ]
            ]
        },
        {
            "file_path": "train/r_8",
            "rotation": 0.06283185307179587,
            "transform_matrix": [
                [
                    -0.9214822053909302,
                    -0.3719809651374817,
                    0.11180686205625534,
                    0.45070791244506836
                ],
                [
                    0.3884206712245941,
                    -0.8824809193611145,
                    0.265248566865921,
                    1.069251298904419
                ],
                [
                    0.0,
                    0.2878499925136566,
                    0.9576754570007324,
                    3.86051344871521
                ],
                [
                    0.0,
                    0.0,
                    0.0,
                    1.0
                ]
            ]
        },
        {
            "file_path": "train/r_9",
            "rotation": 0.06283185307179587,
            "transform_matrix": [
                [
                    -0.5460619926452637,
                    -0.8299757242202759,
                    0.11382733285427094,
                    0.4588526785373688
                ],
                [
                    0.8377447724342346,
                    -0.5409979224205017,
                    0.07419536262750626,
                    0.299091100692749
                ],
                [
                    0.0,
                    0.13587374985218048,
                    0.990726113319397,
                    3.9937448501586914
                ],
                [
                    0.0,
                    0.0,
                    0.0,
                    1.0
                ]
            ]
        },
        {
            "file_path": "train/r_10",
            "rotation": 0.06283185307179587,
            "transform_matrix": [
                [
                    -0.6328974366188049,
                    0.21657724678516388,
                    -0.7433270215988159,
                    -2.9964468479156494
                ],
                [
                    -0.7742354869842529,
                    -0.17704066634178162,
                    0.6076313257217407,
                    2.4494402408599854
                ],
                [
                    1.4901158529312397e-08,
                    0.9600785374641418,
                    0.2797304391860962,
                    1.1276293992996216
                ],
                [
                    0.0,
                    0.0,
                    0.0,
                    1.0
                ]
            ]
        },
        {
            "file_path": "train/r_11",
            "rotation": 0.06283185307179587,
            "transform_matrix": [
                [
                    -0.21502113342285156,
                    -0.16387535631656647,
                    0.9627619981765747,
                    3.8810179233551025
                ],
                [
                    0.9766094088554382,
                    -0.036080606281757355,
                    0.21197231113910675,
                    0.8544877767562866
                ],
                [
                    0.0,
                    0.9858210682868958,
                    0.16780026257038116,
                    0.6764245629310608
                ],
                [
                    0.0,
                    0.0,
                    0.0,
                    1.0
                ]
            ]
        },
        {
            "file_path": "train/r_12",
            "rotation": 0.06283185307179587,
            "transform_matrix": [
                [
                    -0.9998838305473328,
                    -0.010640360414981842,
                    0.010923740454018116,
                    0.044035010039806366
                ],
                [
                    0.01524944044649601,
                    -0.6976730823516846,
                    0.7162538766860962,
                    2.8873119354248047
                ],
                [
                    4.656613428188905e-10,
                    0.7163372039794922,
                    0.6977542042732239,
                    2.812737464904785
                ],
                [
                    0.0,
                    0.0,
                    0.0,
                    1.0
                ]
            ]
        },
        {
            "file_path": "train/r_13",
            "rotation": 0.06283185307179587,
            "transform_matrix": [
                [
                    0.35709354281425476,
                    0.21005286276340485,
                    -0.9101439714431763,
                    -3.668907403945923
                ],
                [
                    -0.9340686202049255,
                    0.08030301332473755,
                    -0.3479471504688263,
                    -1.4026198387145996
                ],
                [
                    0.0,
                    0.9743865728378296,
                    0.22487950325012207,
                    0.9065182209014893
                ],
                [
                    0.0,
                    0.0,
                    0.0,
                    1.0
                ]
            ]
        },
        {
            "file_path": "train/r_14",
            "rotation": 0.06283185307179587,
            "transform_matrix": [
                [
                    -0.07849045842885971,
                    0.527238130569458,
                    -0.8460846543312073,
                    -3.4106762409210205
                ],
                [
                    -0.9969148635864258,
                    -0.041511230170726776,
                    0.06661508977413177,
                    0.26853400468826294
                ],
                [
                    0.0,
                    0.8487029671669006,
                    0.5288697481155396,
                    2.1319420337677
                ],
                [
                    0.0,
                    0.0,
                    0.0,
                    1.0
                ]
            ]
        },
        {
            "file_path": "train/r_15",
            "rotation": 0.06283185307179587,
            "transform_matrix": [
                [
                    0.4784815013408661,
                    0.8179118037223816,
                    -0.3194931149482727,
                    -1.287917971611023
                ],
                [
                    -0.8780975341796875,
                    0.44568589329719543,
                    -0.1740940511226654,
                    -0.7017955780029297
                ],
                [
                    0.0,
                    0.3638468384742737,
                    0.9314587712287903,
                    3.7548303604125977
                ],
                [
                    0.0,
                    0.0,
                    0.0,
                    1.0
                ]
            ]
        },
        {
            "file_path": "train/r_16",
            "rotation": 0.06283185307179587,
            "transform_matrix": [
                [
                    -0.13033440709114075,
                    0.7451891303062439,
                    -0.6539924740791321,
                    -2.6363282203674316
                ],
                [
                    -0.9914700984954834,
                    -0.09795936942100525,
                    0.08597104996442795,
                    0.34656041860580444
                ],
                [
                    0.0,
                    0.6596190333366394,
                    0.7516000866889954,
                    3.029797077178955
                ],
                [
                    0.0,
                    0.0,
                    0.0,
                    1.0
                ]
            ]
        },
        {
            "file_path": "train/r_17",
            "rotation": 0.06283185307179587,
            "transform_matrix": [
                [
                    -0.871887743473053,
                    0.09788277745246887,
                    -0.4798235595226288,
                    -1.934230923652649
                ],
                [
                    -0.48970580101013184,
                    -0.17427361011505127,
                    0.8542931079864502,
                    3.4437661170959473
                ],
                [
                    0.0,
                    0.9798202514648438,
                    0.19988074898719788,
                    0.8057451844215393
                ],
                [
                    0.0,
                    0.0,
                    0.0,
                    1.0
                ]
            ]
        },
        {
            "file_path": "train/r_18",
            "rotation": 0.06283185307179587,
            "transform_matrix": [
                [
                    0.7510839104652405,
                    -0.47326692938804626,
                    0.4603165090084076,
                    1.855595350265503
                ],
                [
                    0.66020667552948,
                    0.5384119153022766,
                    -0.5236788392066956,
                    -2.1110172271728516
                ],
                [
                    -1.4901161193847656e-08,
                    0.697230875492096,
                    0.7168465256690979,
                    2.8897011280059814
                ],
                [
                    0.0,
                    0.0,
                    0.0,
                    1.0
                ]
            ]
        },
        {
            "file_path": "train/r_19",
            "rotation": 0.06283185307179587,
            "transform_matrix": [
                [
                    0.3064882755279541,
                    0.8339484333992004,
                    -0.4589063227176666,
                    -1.8499106168746948
                ],
                [
                    -0.9518744945526123,
                    0.26851800084114075,
                    -0.14776045083999634,
                    -0.5956414341926575
                ],
                [
                    1.4901161193847656e-08,
                    0.48210814595222473,
                    0.8761117458343506,
                    3.531719446182251
                ],
                [
                    0.0,
                    0.0,
                    0.0,
                    1.0
                ]
            ]
        },
        {
            "file_path": "train/r_20",
            "rotation": 0.06283185307179587,
            "transform_matrix": [
                [
                    0.07821287214756012,
                    -0.9303014874458313,
                    0.3583598732948303,
                    1.4445948600769043
                ],
                [
                    0.9969366192817688,
                    0.07298513501882553,
                    -0.028114480897784233,
                    -0.1133330911397934
                ],
                [
                    -1.8626450382086546e-09,
                    0.3594609200954437,
                    0.933160126209259,
                    3.761688470840454
                ],
                [
                    0.0,
                    0.0,
                    0.0,
                    1.0
                ]
            ]
        },
        {
            "file_path": "train/r_21",
            "rotation": 0.06283185307179587,
            "transform_matrix": [
                [
                    0.7673794031143188,
                    -0.429190456867218,
                    0.47636592388153076,
                    1.920292615890503
                ],
                [
                    0.6411934494972229,
                    0.5136544704437256,
                    -0.570114016532898,
                    -2.298203468322754
                ],
                [
                    2.980232594040899e-08,
                    0.7429364919662476,
                    0.6693618297576904,
                    2.698284149169922
                ],
                [
                    0.0,
                    0.0,
                    0.0,
                    1.0
                ]
            ]
        },
        {
            "file_path": "train/r_22",
            "rotation": 0.06283185307179587,
            "transform_matrix": [
                [
                    -0.7735923528671265,
                    -0.3836818337440491,
                    0.5043244957923889,
                    2.0329973697662354
                ],
                [
                    0.6336837410926819,
                    -0.4683934450149536,
                    0.6156723499298096,
                    2.4818549156188965
                ],
                [
                    0.0,
                    0.7958616614341736,
                    0.6054784059524536,
                    2.4407618045806885
                ],
                [
                    0.0,
                    0.0,
                    0.0,
                    1.0
                ]
            ]
        },
        {
            "file_path": "train/r_23",
            "rotation": 0.06283185307179587,
            "transform_matrix": [
                [
                    0.41833293437957764,
                    -0.21781599521636963,
                    0.881790041923523,
                    3.554609537124634
                ],
                [
                    0.9082938432693481,
                    0.1003195270895958,
                    -0.40612608194351196,
                    -1.6371467113494873
                ],
                [
                    0.0,
                    0.970820426940918,
                    0.2398078888654709,
                    0.966696560382843
                ],
                [
                    0.0,
                    0.0,
                    0.0,
                    1.0
                ]
            ]
        },
        {
            "file_path": "train/r_24",
            "rotation": 0.06283185307179587,
            "transform_matrix": [
                [
                    0.17127665877342224,
                    -0.22329464554786682,
                    0.9595851898193359,
                    3.8682117462158203
                ],
                [
                    0.9852230548858643,
                    0.038818784058094025,
                    -0.16681963205337524,
                    -0.6724714636802673
                ],
                [
                    0.0,
                    0.9739776849746704,
                    0.22664377093315125,
                    0.9136302471160889
                ],
                [
                    0.0,
                    0.0,
                    0.0,
                    1.0
                ]
            ]
        },
        {
            "file_path": "train/r_25",
            "rotation": 0.06283185307179587,
            "transform_matrix": [
                [
                    -0.47160154581069946,
                    -0.32833632826805115,
                    0.8184053897857666,
                    3.2990972995758057
                ],
                [
                    0.8818117380142212,
                    -0.17559747397899628,
                    0.43769118189811707,
                    1.7643893957138062
                ],
                [
                    0.0,
                    0.928095281124115,
                    0.3723428547382355,
                    1.5009618997573853
                ],
                [
                    0.0,
                    0.0,
                    0.0,
                    1.0
                ]
            ]
        },
        {
            "file_path": "train/r_26",
            "rotation": 0.06283185307179587,
            "transform_matrix": [
                [
                    0.7385423183441162,
                    0.6398447155952454,
                    -0.21249443292617798,
                    -0.8565925359725952
                ],
                [
                    -0.6742070317268372,
                    0.7009010314941406,
                    -0.23277142643928528,
                    -0.9383317232131958
                ],
                [
                    0.0,
                    0.3151768445968628,
                    0.9490329027175903,
                    3.825674295425415
                ],
                [
                    0.0,
                    0.0,
                    0.0,
                    1.0
                ]
            ]
        },
        {
            "file_path": "train/r_27",
            "rotation": 0.06283185307179587,
            "transform_matrix": [
                [
                    0.7969184517860413,
                    -0.12964648008346558,
                    0.5900108218193054,
                    2.3784096240997314
                ],
                [
                    0.6040869355201721,
                    0.17103111743927002,
                    -0.7783491015434265,
                    -3.1376256942749023
                ],
                [
                    1.4901161193847656e-08,
                    0.976698637008667,
                    0.2146155685186386,
                    0.8651430010795593
                ],
                [
                    0.0,
                    0.0,
                    0.0,
                    1.0
                ]
            ]
        },
        {
            "file_path": "train/r_28",
            "rotation": 0.06283185307179587,
            "transform_matrix": [
                [
                    -0.46064698696136475,
                    -0.39778128266334534,
                    0.7934571504592896,
                    3.198528289794922
                ],
                [
                    0.8875834345817566,
                    -0.20644454658031464,
                    0.4117963910102844,
                    1.6600044965744019
                ],
                [
                    1.4901161193847656e-08,
                    0.8939522504806519,
                    0.44816210865974426,
                    1.8065993785858154
                ],
                [
                    0.0,
                    0.0,
                    0.0,
                    1.0
                ]
            ]
        },
        {
            "file_path": "train/r_29",
            "rotation": 0.06283185307179587,
            "transform_matrix": [
                [
                    0.5189955830574036,
                    0.3442680835723877,
                    -0.7823829650878906,
                    -3.153886556625366
                ],
                [
                    -0.8547769784927368,
                    0.20902952551841736,
                    -0.475040078163147,
                    -1.914947748184204
                ],
                [
                    0.0,
                    0.9153066277503967,
                    0.40275779366493225,
                    1.6235686540603638
                ],
                [
                    0.0,
                    0.0,
                    0.0,
                    1.0
                ]
            ]
        },
        {
            "file_path": "train/r_30",
            "rotation": 0.06283185307179587,
            "transform_matrix": [
                [
                    -0.9999725222587585,
                    -0.003122134367004037,
                    0.006719933822751045,
                    0.027088921517133713
                ],
                [
                    0.007409806828945875,
                    -0.42134010791778564,
                    0.9068723917007446,
                    3.655719757080078
                ],
                [
                    2.3283062977608182e-10,
                    0.9068973660469055,
                    0.4213516116142273,
                    1.6985228061676025
                ],
                [
                    0.0,
                    0.0,
                    0.0,
                    1.0
                ]
            ]
        },
        {
            "file_path": "train/r_31",
            "rotation": 0.06283185307179587,
            "transform_matrix": [
                [
                    -0.2922045588493347,
                    -0.507841169834137,
                    0.8103787899017334,
                    3.2667412757873535
                ],
                [
                    0.95635586977005,
                    -0.15516559779644012,
                    0.24760280549526215,
                    0.9981188178062439
                ],
                [
                    1.4901161193847656e-08,
                    0.8473610281944275,
                    0.5310170650482178,
                    2.1405982971191406
                ],
                [
                    0.0,
                    0.0,
                    0.0,
                    1.0
                ]
            ]
        },
        {
            "file_path": "train/r_32",
            "rotation": 0.06283185307179587,
            "transform_matrix": [
                [
                    -0.7713437676429749,
                    -0.2523166835308075,
                    0.5842644572257996,
                    2.355245351791382
                ],
                [
                    0.6364185810089111,
                    -0.3058095872402191,
                    0.7081326246261597,
                    2.854573965072632
                ],
                [
                    0.0,
                    0.9180505871772766,
                    0.3964633345603943,
                    1.5981948375701904
                ],
                [
                    0.0,
                    0.0,
                    0.0,
                    1.0
                ]
            ]
        },
        {
            "file_path": "train/r_33",
            "rotation": 0.06283185307179587,
            "transform_matrix": [
                [
                    -0.8120333552360535,
                    -0.5219663977622986,
                    0.2610613703727722,
                    1.0523722171783447
                ],
                [
                    0.5836111903190613,
                    -0.7262610793113708,
                    0.3632393181324005,
                    1.4642646312713623
                ],
                [
                    0.0,
                    0.4473207890987396,
                    0.8943735361099243,
                    3.605335235595703
                ],
                [
                    0.0,
                    0.0,
                    0.0,
                    1.0
                ]
            ]
        },
        {
            "file_path": "train/r_34",
            "rotation": 0.06283185307179587,
            "transform_matrix": [
                [
                    0.48721882700920105,
                    -0.1532144993543625,
                    0.8597343564033508,
                    3.465700149536133
                ],
                [
                    0.8732800483703613,
                    0.08548115938901901,
                    -0.4796614348888397,
                    -1.933577060699463
                ],
                [
                    0.0,
                    0.984488844871521,
                    0.17544716596603394,
                    0.7072501182556152
                ],
                [
                    0.0,
                    0.0,
                    0.0,
                    1.0
                ]
            ]
        },
        {
            "file_path": "train/r_35",
            "rotation": 0.06283185307179587,
            "transform_matrix": [
                [
                    -0.3597189486026764,
                    0.39077743887901306,
                    -0.8472869396209717,
                    -3.415523052215576
                ],
                [
                    -0.9330607056617737,
                    -0.15065479278564453,
                    0.3266509771347046,
                    1.3167723417282104
                ],
                [
                    0.0,
                    0.9080727696418762,
                    0.41881242394447327,
                    1.6882870197296143
                ],
                [
                    0.0,
                    0.0,
                    0.0,
                    1.0
                ]
            ]
        },
        {
            "file_path": "train/r_36",
            "rotation": 0.06283185307179587,
            "transform_matrix": [
                [
                    0.44809043407440186,
                    -0.8620032668113708,
                    0.23699256777763367,
                    0.9553475379943848
                ],
                [
                    0.8939882516860962,
                    0.432058721780777,
                    -0.11878691613674164,
                    -0.47884535789489746
                ],
                [
                    0.0,
                    0.2650957703590393,
                    0.9642220735549927,
                    3.8869032859802246
                ],
                [
                    0.0,
                    0.0,
                    0.0,
                    1.0
                ]
            ]
        },
        {
            "file_path": "train/r_37",
            "rotation": 0.06283185307179587,
            "transform_matrix": [
                [
                    -0.9558614492416382,
                    -0.25562167167663574,
                    0.14486707746982574,
                    0.5839779376983643
                ],
                [
                    0.2938178479671478,
                    -0.8315999507904053,
                    0.4712880849838257,
                    1.8998231887817383
                ],
                [
                    1.4901162970204496e-08,
                    0.49305078387260437,
                    0.8700004816055298,
                    3.507084369659424
                ],
                [
                    0.0,
                    0.0,
                    0.0,
                    1.0
                ]
            ]
        },
        {
            "file_path": "train/r_38",
            "rotation": 0.06283185307179587,
            "transform_matrix": [
                [
                    0.8409989476203918,
                    -0.1265827864408493,
                    0.5260205864906311,
                    2.1204566955566406
                ],
                [
                    0.5410369038581848,
                    0.19676290452480316,
                    -0.8176572918891907,
                    -3.296082019805908
                ],
                [
                    0.0,
                    0.9722453355789185,
                    0.23396335542201996,
                    0.94313645362854
                ],
                [
                    0.0,
                    0.0,
                    0.0,
                    1.0
                ]
            ]
        },
        {
            "file_path": "train/r_39",
            "rotation": 0.06283185307179587,
            "transform_matrix": [
                [
                    0.16616258025169373,
                    -0.5047740936279297,
                    0.8471086025238037,
                    3.414804220199585
                ],
                [
                    0.9860983490943909,
                    0.08505699783563614,
                    -0.1427420973777771,
                    -0.575411856174469
                ],
                [
                    7.450580596923828e-09,
                    0.8590508699417114,
                    0.5118901133537292,
                    2.063495397567749
                ],
                [
                    0.0,
                    0.0,
                    0.0,
                    1.0
                ]
            ]
        },
        {
            "file_path": "train/r_40",
            "rotation": 0.06283185307179587,
            "transform_matrix": [
                [
                    -0.3579990267753601,
                    0.660172164440155,
                    -0.6603100895881653,
                    -2.661795139312744
                ],
                [
                    -0.9337220191955566,
                    -0.25311708450317383,
                    0.2531699538230896,
                    1.0205607414245605
                ],
                [
                    0.0,
                    0.7071806788444519,
                    0.7070328593254089,
                    2.8501405715942383
                ],
                [
                    0.0,
                    0.0,
                    0.0,
                    1.0
                ]
            ]
        },
        {
            "file_path": "train/r_41",
            "rotation": 0.06283185307179587,
            "transform_matrix": [
                [
                    -0.21688951551914215,
                    -0.5327862501144409,
                    0.8179839849472046,
                    3.297398805618286
                ],
                [
                    0.9761962294578552,
                    -0.11837348341941833,
                    0.18173819780349731,
                    0.7326101064682007
                ],
                [
                    0.0,
                    0.8379298448562622,
                    0.5457778573036194,
                    2.200100898742676
                ],
                [
                    0.0,
                    0.0,
                    0.0,
                    1.0
                ]
            ]
        },
        {
            "file_path": "train/r_42",
            "rotation": 0.06283185307179587,
            "transform_matrix": [
                [
                    -0.4920297861099243,
                    0.2582744061946869,
                    -0.8313848376274109,
                    -3.3514199256896973
                ],
                [
                    -0.8705783486366272,
                    -0.1459704339504242,
                    0.46987855434417725,
                    1.8941413164138794
                ],
                [
                    0.0,
                    0.9549800157546997,
                    0.2966699004173279,
                    1.1959147453308105
                ],
                [
                    0.0,
                    0.0,
                    0.0,
                    1.0
                ]
            ]
        },
        {
            "file_path": "train/r_43",
            "rotation": 0.06283185307179587,
            "transform_matrix": [
                [
                    0.8519839644432068,
                    0.40245386958122253,
                    -0.3348940908908844,
                    -1.3500012159347534
                ],
                [
                    -0.5235676765441895,
                    0.654899537563324,
                    -0.5449617505073547,
                    -2.1968111991882324
                ],
                [
                    1.4901161193847656e-08,
                    0.6396384835243225,
                    0.7686758041381836,
                    3.0986313819885254
                ],
                [
                    0.0,
                    0.0,
                    0.0,
                    1.0
                ]
            ]
        },
        {
            "file_path": "train/r_44",
            "rotation": 0.06283185307179587,
            "transform_matrix": [
                [
                    -0.38297632336616516,
                    0.5288460850715637,
                    -0.757397472858429,
                    -3.0531668663024902
                ],
                [
                    -0.9237581491470337,
                    -0.21925172209739685,
                    0.31400567293167114,
                    1.2657973766326904
                ],
                [
                    -2.9802320611338473e-08,
                    0.8199087977409363,
                    0.5724941492080688,
                    2.30779767036438
                ],
                [
                    0.0,
                    0.0,
                    0.0,
                    1.0
                ]
            ]
        },
        {
            "file_path": "train/r_45",
            "rotation": 0.06283185307179587,
            "transform_matrix": [
                [
                    0.9155013561248779,
                    -0.16463860869407654,
                    0.3670850098133087,
                    1.4797669649124146
                ],
                [
                    0.4023149311542511,
                    0.3746490180492401,
                    -0.8353327512741089,
                    -3.3673341274261475
                ],
                [
                    -1.4901162970204496e-08,
                    0.9124320149421692,
                    0.40922820568084717,
