{
    "camera_angle_x": 0.6911112070083618,
    "frames": [
        {
            "file_path": "train/r_0",
            "rotation": 0.06283185307179587,
            "transform_matrix": [
                [
                    0.31477856636047363,
                    -0.12717971205711365,
                    0.9406059980392456,
                    3.7917044162750244
                ],
                [
                    0.9491652250289917,
                    0.042177535593509674,
                    -0.3119400143623352,
                    -1.2574704885482788
                ],
                [
                    0.0,
                    0.9909824728965759,
                    0.13399112224578857,
                    0.5401355624198914
                ],
                [
                    0.0,
                    0.0,
                    0.0,
                    1.0
                ]
            ]
        },
        {
            "file_path": "train/r_1",
            "rotation": 0.06283185307179587,
            "transform_matrix": [
                [
                    -0.868596076965332,
                    0.12707893550395966,
                    -0.4789486527442932,
                    -1.9307037591934204
                ],
                [
                    -0.49552080035209656,
                    -0.22275607287883759,
                    0.839546799659729,
                    3.384321451187134
                ],
                [
                    -7.450580596923828e-09,
                    0.9665560126304626,
                    0.25645530223846436,
                    1.0338044166564941
                ],
                [
                    0.0,
                    0.0,
                    0.0,
                    1.0
                ]
            ]
        },
        {
            "file_path": "train/r_2",
            "rotation": 0.06283185307179587,
            "transform_matrix": [
                [
                    0.8258000016212463,
                    -0.5334078669548035,
                    0.18311302363872528,
                    0.738152265548706
                ],
                [
                    0.5639630556106567,
                    0.7810586094856262,
                    -0.26812881231307983,
                    -1.0808619260787964
                ],
                [
                    1.4901161193847656e-08,
                    0.3246897757053375,
                    0.9458205103874207,
                    3.8127245903015137
                ],
                [
                    0.0,
                    0.0,
                    0.0,
                    1.0
                ]
            ]
        },
        {
            "file_path": "train/r_3",
            "rotation": 0.06283185307179587,
            "transform_matrix": [
                [
                    -0.7687780857086182,
                    -0.5435194969177246,
                    0.33699655532836914,
                    1.3584766387939453
                ],
                [
                    0.6395155787467957,
                    -0.6533787846565247,
                    0.40511223673820496,
                    1.6330597400665283
                ],
                [
                    0.0,
                    0.5269560217857361,
                    0.8498924970626831,
                    3.4260265827178955
                ],
                [
                    0.0,
                    0.0,
                    0.0,
                    1.0
                ]
            ]
        },
        {
            "file_path": "train/r_4",
            "rotation": 0.06283185307179587,
            "transform_matrix": [
                [
                    -0.8391903042793274,
                    0.17948029935359955,
                    -0.5133678913116455,
                    -2.0694522857666016
                ],
                [
                    -0.5438380837440491,
                    -0.27695396542549133,
                    0.7921720743179321,
                    3.193347930908203
                ],
                [
                    0.0,
                    0.9439720511436462,
                    0.33002525568008423,
                    1.3303744792938232
                ],
                [
                    0.0,
                    0.0,
                    0.0,
                    1.0
                ]
            ]
        },
        {
            "file_path": "train/r_5",
            "rotation": 0.06283185307179587,
            "transform_matrix": [
                [
                    -0.9374983906745911,
                    -0.11885569244623184,
                    0.3270626366138458,
                    1.3184317350387573
                ],
                [
                    0.3479894697666168,
                    -0.3202022910118103,
                    0.8811206817626953,
                    3.5519113540649414
                ],
                [
                    0.0,
                    0.9398636817932129,
                    0.34154969453811646,
                    1.3768309354782104
                ],
                [
                    0.0,
                    0.0,
                    0.0,
                    1.0
                ]
            ]
        },
        {
            "file_path": "train/r_6",
            "rotation": 0.06283185307179587,
            "transform_matrix": [
                [
                    0.6113371253013611,
                    -0.44820791482925415,
                    0.6522089242935181,
                    2.629138469696045
                ],
                [
                    0.7913703322410583,
                    0.34624263644218445,
                    -0.5038343667984009,
                    -2.0310215950012207
                ],
                [
                    2.980232594040899e-08,
                    0.8241514563560486,
                    0.5663692951202393,
                    2.2831079959869385
                ],
                [
                    0.0,
                    0.0,
                    0.0,
                    1.0
                ]
            ]
        },
        {
            "file_path": "train/r_7",
            "rotation": 0.06283185307179587,
            "transform_matrix": [
                [
                    0.7618779540061951,
                    0.3193005621433258,
                    -0.5635504722595215,
                    -2.271744728088379
                ],
                [
                    -0.6477205753326416,
                    0.37557557225227356,
                    -0.6628732681274414,
                    -2.6721277236938477
                ],
                [
                    -1.4901161193847656e-08,
                    0.8700518012046814,
                    0.49296027421951294,
                    1.9871864318847656
                ],
                [
                    0.0,
                    0.0,
                    0.0,
                    1.0
                ]
            ]
        },
        {
            "file_path": "train/r_8",
            "rotation": 0.06283185307179587,
            "transform_matrix": [
                [
                    -0.985223114490509,
                    -0.042843110859394073,
                    0.1658310741186142,
                    0.6684864163398743
                ],
                [
                    0.1712760329246521,
                    -0.24644441902637482,
                    0.9539023041725159,
                    3.8453030586242676
                ],
                [
                    3.725290298461914e-09,
                    0.968209445476532,
                    0.2501406967639923,
                    1.0083494186401367
                ],
                [
                    0.0,
                    0.0,
                    0.0,
                    1.0
                ]
            ]
        },
        {
            "file_path": "train/r_9",
            "rotation": 0.06283185307179587,
            "transform_matrix": [
                [
                    -0.9946348071098328,
                    0.04108314961194992,
                    -0.09494167566299438,
                    -0.3827221393585205
                ],
                [
                    -0.1034492552280426,
                    -0.39500266313552856,
                    0.9128368496894836,
                    3.679763078689575
                ],
                [
                    0.0,
                    0.9177607893943787,
                    0.39713340997695923,
                    1.6008960008621216
                ],
                [
                    0.0,
                    0.0,
                    0.0,
                    1.0
                ]
            ]
        },
        {
            "file_path": "train/r_10",
            "rotation": 0.06283185307179587,
            "transform_matrix": [
                [
                    0.7923504710197449,
                    -0.255719929933548,
                    0.5538843870162964,
                    2.2327795028686523
                ],
                [
                    0.6100660562515259,
                    0.3321276307106018,
                    -0.7193819880485535,
                    -2.8999218940734863
                ],
                [
                    0.0,
                    0.9079088568687439,
                    0.41916748881340027,
                    1.6897183656692505
                ],
                [
                    0.0,
                    0.0,
                    0.0,
                    1.0
                ]
            ]
        },
        {
            "file_path": "train/r_11",
            "rotation": 0.06283185307179587,
            "transform_matrix": [
                [
                    0.9920164346694946,
                    0.12609879672527313,
                    -0.0015824168222025037,
                    -0.006378926336765289
                ],
                [
                    -0.12610872089862823,
                    0.9919382929801941,
                    -0.012447856366634369,
                    -0.05017891526222229
                ],
                [
                    1.1641531488804091e-10,
                    0.012549811974167824,
                    0.9999213218688965,
                    4.030811786651611
                ],
                [
                    0.0,
                    0.0,
                    0.0,
                    1.0
                ]
            ]
        },
        {
            "file_path": "train/r_12",
            "rotation": 0.06283185307179587,
            "transform_matrix": [
                [
                    0.06780488044023514,
                    0.6588601469993591,
                    -0.7492035031318665,
                    -3.0201358795166016
                ],
                [
                    -0.9976986646652222,
                    0.04477698355913162,
                    -0.05091683194041252,
                    -0.20525231957435608
                ],
                [
                    3.725290298461914e-09,
                    0.7509316205978394,
                    0.660379946231842,
                    2.662076711654663
                ],
                [
                    0.0,
                    0.0,
                    0.0,
                    1.0
                ]
            ]
        },
        {
            "file_path": "train/r_13",
            "rotation": 0.06283185307179587,
            "transform_matrix": [
                [
                    -0.8624945878982544,
                    0.2940616011619568,
                    -0.41186270117759705,
                    -1.6602717638015747
                ],
                [
                    -0.5060663819313049,
                    -0.5011724829673767,
                    0.7019422054290771,
                    2.829619884490967
                ],
                [
                    0.0,
                    0.8138512969017029,
                    0.5810731053352356,
                    2.3423807621002197
                ],
                [
                    0.0,
                    0.0,
                    0.0,
                    1.0
                ]
            ]
        },
        {
            "file_path": "train/r_14",
            "rotation": 0.06283185307179587,
            "transform_matrix": [
                [
                    0.5470338463783264,
                    0.3123704493045807,
                    -0.7766457200050354,
                    -3.1307592391967773
                ],
                [
                    -0.8371104001998901,
                    0.2041274458169937,
                    -0.5075214505195618,
                    -2.045884609222412
                ],
                [
                    0.0,
                    0.9277697801589966,
                    0.3731531500816345,
                    1.5042285919189453
                ],
                [
                    0.0,
                    0.0,
                    0.0,
                    1.0
                ]
            ]
        },
        {
            "file_path": "train/r_15",
            "rotation": 0.06283185307179587,
            "transform_matrix": [
                [
                    -0.09955531358718872,
                    -0.41526299715042114,
                    0.9042374491691589,
                    3.6450977325439453
                ],
                [
                    0.9950320720672607,
                    -0.04154804348945618,
                    0.09047108888626099,
                    0.3647006154060364
                ],
                [
                    0.0,
                    0.9087519645690918,
                    0.4173363447189331,
                    1.6823365688323975
                ],
                [
                    0.0,
                    0.0,
                    0.0,
                    1.0
                ]
            ]
        },
        {
            "file_path": "train/r_16",
            "rotation": 0.06283185307179587,
            "transform_matrix": [
                [
                    -0.14411260187625885,
                    -0.582777738571167,
                    0.7997511029243469,
                    3.2238993644714355
                ],
                [
                    0.9895613789558411,
                    -0.0848715603351593,
                    0.11647000163793564,
                    0.46950554847717285
                ],
                [
                    0.0,
                    0.8081874251365662,
                    0.5889253616333008,
                    2.3740336894989014
                ],
                [
                    0.0,
                    0.0,
                    0.0,
                    1.0
                ]
            ]
        },
        {
            "file_path": "train/r_17",
            "rotation": 0.06283185307179587,
            "transform_matrix": [
                [
                    -0.5884301066398621,
                    0.531366765499115,
                    -0.6094253659248352,
                    -2.456672191619873
                ],
                [
                    -0.8085479736328125,
                    -0.3867082893848419,
                    0.443516343832016,
                    1.7878715991973877
                ],
                [
                    1.4901160305669237e-08,
                    0.7537280917167664,
                    0.6571863889694214,
                    2.649203062057495
                ],
                [
                    0.0,
                    0.0,
                    0.0,
                    1.0
                ]
            ]
        },
        {
            "file_path": "train/r_18",
            "rotation": 0.06283185307179587,
            "transform_matrix": [
                [
                    -0.3249761164188385,
                    0.1665051430463791,
                    -0.9309492707252502,
                    -3.752776622772217
                ],
                [
                    -0.945722222328186,
                    -0.05721573159098625,
                    0.31989967823028564,
                    1.289556860923767
                ],
                [
                    0.0,
                    0.9843790531158447,
                    0.17606139183044434,
                    0.7097261548042297
                ],
                [
                    0.0,
                    0.0,
                    0.0,
                    1.0
                ]
            ]
        },
        {
            "file_path": "train/r_19",
            "rotation": 0.06283185307179587,
            "transform_matrix": [
                [
                    -0.9948055744171143,
                    0.06574702262878418,
                    -0.0777125433087349,
                    -0.31326931715011597
                ],
                [
                    -0.10179347544908524,
                    -0.6425314545631409,
                    0.7594678401947021,
                    3.0615129470825195
                ],
                [
                    -7.450580596923828e-09,
                    0.7634335160255432,
                    0.6458863615989685,
                    2.603651523590088
                ],
                [
                    0.0,
                    0.0,
                    0.0,
                    1.0
                ]
            ]
        },
        {
            "file_path": "train/r_20",
            "rotation": 0.06283185307179587,
            "transform_matrix": [
                [
                    -0.45022740960121155,
                    -0.7319822907447815,
                    0.5113680362701416,
                    2.0613903999328613
                ],
                [
                    0.8929139375686646,
                    -0.3690820336341858,
                    0.25784334540367126,
                    1.0393997430801392
                ],
                [
                    -1.4901161193847656e-08,
                    0.572695791721344,
                    0.819767951965332,
                    3.3045902252197266
                ],
                [
                    0.0,
                    0.0,
                    0.0,
                    1.0
                ]
            ]
        },
        {
            "file_path": "train/r_21",
            "rotation": 0.06283185307179587,
            "transform_matrix": [
                [
                    -0.11813593655824661,
                    0.759093701839447,
                    -0.6401723027229309,
                    -2.5806174278259277
                ],
                [
                    -0.9929974675178528,
                    -0.09030863642692566,
                    0.07616066932678223,
                    0.30701351165771484
                ],
                [
                    -3.725290298461914e-09,
                    0.6446868181228638,
                    0.7644467353820801,
                    3.0815834999084473
                ],
                [
                    0.0,
                    0.0,
                    0.0,
                    1.0
                ]
            ]
        },
        {
            "file_path": "train/r_22",
            "rotation": 0.06283185307179587,
            "transform_matrix": [
                [
                    0.6932421922683716,
                    0.7047470211982727,
                    -0.15082119405269623,
                    -0.6079796552658081
                ],
                [
                    -0.7207048535346985,
                    0.6778924465179443,
                    -0.14507412910461426,
                    -0.5848125219345093
                ],
                [
                    -7.4505797087454084e-09,
                    0.20926888287067413,
                    0.9778581261634827,
                    3.9418718814849854
                ],
                [
                    0.0,
                    0.0,
                    0.0,
                    1.0
                ]
            ]
        },
        {
            "file_path": "train/r_23",
            "rotation": 0.06283185307179587,
            "transform_matrix": [
                [
                    -0.18030014634132385,
                    -0.8627150654792786,
                    0.4724559783935547,
                    1.9045310020446777
                ],
                [
                    0.9836116433143616,
                    -0.15813928842544556,
                    0.08660315722227097,
                    0.34910848736763
                ],
                [
                    0.0,
                    0.4803277850151062,
                    0.8770891427993774,
                    3.5356593132019043
                ],
                [
                    0.0,
                    0.0,
                    0.0,
                    1.0
                ]
            ]
        },
        {
            "file_path": "train/r_24",
            "rotation": 0.06283185307179587,
            "transform_matrix": [
                [
                    -0.7754853963851929,
                    0.589316189289093,
                    -0.2265586405992508,
                    -0.9132871031761169
                ],
                [
                    -0.6313654780387878,
                    -0.7238376140594482,
                    0.2782744765281677,
                    1.1217602491378784
                ],
                [
                    0.0,
                    0.35883915424346924,
                    0.9333993792533875,
                    3.762653350830078
                ],
                [
                    0.0,
                    0.0,
                    0.0,
                    1.0
                ]
            ]
        },
        {
            "file_path": "train/r_25",
            "rotation": 0.06283185307179587,
            "transform_matrix": [
                [
                    0.07484771311283112,
                    -0.5000212788581848,
                    0.862772524356842,
                    3.477947473526001
                ],
                [
                    0.9971950054168701,
                    0.03753072768449783,
                    -0.06475819647312164,
                    -0.26104867458343506
                ],
                [
                    -3.725290298461914e-09,
                    0.8651995062828064,
                    0.5014277100563049,
                    2.021320104598999
                ],
                [
                    0.0,
                    0.0,
                    0.0,
                    1.0
                ]
            ]
        },
        {
            "file_path": "train/r_26",
            "rotation": 0.06283185307179587,
            "transform_matrix": [
                [
                    0.6262534856796265,
                    -0.43442678451538086,
                    0.6473637819290161,
                    2.609607219696045
                ],
                [
                    0.779619574546814,
                    0.3489667475223541,
                    -0.5200149416923523,
                    -2.096247434616089
                ],
                [
                    -1.4901161193847656e-08,
                    0.8303587436676025,
                    0.5572291612625122,
                    2.246262788772583
                ],
                [
                    0.0,
                    0.0,
                    0.0,
                    1.0
                ]
            ]
        },
        {
            "file_path": "train/r_27",
            "rotation": 0.06283185307179587,
            "transform_matrix": [
                [
                    -0.18095386028289795,
                    0.15011677145957947,
                    -0.9719673991203308,
                    -3.918125867843628
                ],
                [
                    -0.9834915995597839,
                    -0.02762017771601677,
                    0.17883352935314178,
                    0.7209010124206543
                ],
                [
                    0.0,
                    0.988282322883606,
                    0.1526365578174591,
                    0.6152976751327515
                ],
                [
                    0.0,
                    0.0,
                    0.0,
                    1.0
                ]
            ]
        },
        {
            "file_path": "train/r_28",
            "rotation": 0.06283185307179587,
            "transform_matrix": [
                [
                    -0.0646330714225769,
                    0.40108054876327515,
                    -0.9137597680091858,
                    -3.683483362197876
                ],
                [
                    -0.9979091286659241,
                    -0.02597738429903984,
                    0.059182845056056976,
                    0.23857367038726807
                ],
                [
                    0.0,
                    0.9156744480133057,
                    0.401920884847641,
                    1.6201947927474976
                ],
                [
                    0.0,
                    0.0,
                    0.0,
                    1.0
                ]
            ]
        },
        {
            "file_path": "train/r_29",
            "rotation": 0.06283185307179587,
            "transform_matrix": [
                [
                    -0.9952942132949829,
                    -0.07814905792474747,
                    0.057291049510240555,
                    0.2309476137161255
                ],
                [
                    0.09689963608980179,
                    -0.802699625492096,
                    0.5884588360786438,
                    2.3721535205841064
                ],
                [
                    0.0,
                    0.591241180896759,
                    0.8064948320388794,
                    3.251084566116333
                ],
                [
                    0.0,
                    0.0,
                    0.0,
                    1.0
                ]
            ]
        },
        {
            "file_path": "train/r_30",
            "rotation": 0.06283185307179587,
            "transform_matrix": [
                [
                    0.5567732453346252,
                    0.7976323962211609,
                    -0.23191821575164795,
                    -0.9348922967910767
                ],
                [
                    -0.8306644558906555,
                    0.5346327424049377,
                    -0.15544889867305756,
                    -0.6266345977783203
                ],
                [
                    -7.450580152834618e-09,
                    0.27919599413871765,
                    0.9602340459823608,
                    3.8708274364471436
                ],
                [
                    0.0,
                    0.0,
                    0.0,
                    1.0
                ]
            ]
        },
        {
            "file_path": "train/r_31",
            "rotation": 0.06283185307179587,
            "transform_matrix": [
                [
                    -0.34703347086906433,
                    0.8542429804801941,
                    -0.3870874345302582,
                    -1.5603994131088257
                ],
                [
                    -0.9378528594970703,
                    -0.3160953223705292,
                    0.14323386549949646,
                    0.5773941874504089
                ],
                [
                    0.0,
                    0.41273796558380127,
                    0.9108498096466064,
                    3.6717529296875
                ],
                [
                    0.0,
                    0.0,
                    0.0,
                    1.0
                ]
            ]
        },
        {
            "file_path": "train/r_32",
            "rotation": 0.06283185307179587,
            "transform_matrix": [
                [
                    -0.9223197102546692,
                    0.12080498784780502,
                    -0.36705923080444336,
                    -1.4796632528305054
                ],
                [
                    -0.38642770051956177,
                    -0.28833550214767456,
                    0.8760914206504822,
                    3.531637668609619
                ],
                [
                    7.450580596923828e-09,
                    0.9498782753944397,
                    0.3126198649406433,
                    1.2602111101150513
                ],
                [
                    0.0,
                    0.0,
                    0.0,
                    1.0
                ]
            ]
        },
        {
            "file_path": "train/r_33",
            "rotation": 0.06283185307179587,
            "transform_matrix": [
                [
                    -0.7989148497581482,
                    -0.22348149120807648,
                    0.5583824515342712,
                    2.2509114742279053
                ],
                [
                    0.6014439463615417,
                    -0.29685673117637634,
                    0.7417150735855103,
                    2.9899487495422363
                ],
                [
                    0.0,
                    0.9284030199050903,
                    0.37157493829727173,
                    1.4978662729263306
                ],
                [
                    0.0,
                    0.0,
                    0.0,
                    1.0
                ]
            ]
        },
        {
            "file_path": "train/r_34",
            "rotation": 0.06283185307179587,
            "transform_matrix": [
                [
                    -0.15515804290771484,
                    0.2892487347126007,
                    -0.9445958137512207,
                    -3.8077874183654785
                ],
                [
                    -0.9878897070884705,
                    -0.045429427176713943,
                    0.1483583003282547,
                    0.5980514287948608
                ],
                [
                    3.725290298461914e-09,
                    0.9561753869056702,
                    0.2927945852279663,
                    1.1802927255630493
                ],
                [
                    0.0,
                    0.0,
                    0.0,
                    1.0
                ]
            ]
        },
        {
            "file_path": "train/r_35",
            "rotation": 0.06283185307179587,
            "transform_matrix": [
                [
                    0.40596893429756165,
                    0.800145149230957,
                    -0.4415391683578491,
                    -1.7799015045166016
                ],
                [
                    -0.9138869643211365,
                    0.3554422855377197,
                    -0.19614152610301971,
                    -0.7906718850135803
                ],
                [
                    0.0,
                    0.48314428329467773,
                    0.8755406141281128,
                    3.5294175148010254
                ],
                [
                    0.0,
                    0.0,
                    0.0,
                    1.0
                ]
            ]
        },
        {
            "file_path": "train/r_36",
            "rotation": 0.06283185307179587,
            "transform_matrix": [
                [
                    -0.9630060195922852,
                    -0.26947441697120667,
                    0.0017444223631173372,
                    0.007031992077827454
                ],
                [
                    0.2694800794124603,
                    -0.9629857540130615,
                    0.006233816035091877,
                    0.025129318237304688
                ],
                [
                    -1.1641532182693481e-10,
                    0.006482279393821955,
                    0.9999790191650391,
                    4.0310444831848145
                ],
                [
                    0.0,
                    0.0,
                    0.0,
                    1.0
                ]
            ]
        },
        {
            "file_path": "train/r_37",
            "rotation": 0.06283185307179587,
            "transform_matrix": [
                [
                    0.8349375128746033,
                    0.296781450510025,
                    -0.4634653627872467,
                    -1.8682887554168701
                ],
                [
                    -0.5503448247909546,
                    0.4502522051334381,
                    -0.7031311392784119,
                    -2.8344125747680664
                ],
                [
                    1.4901162970204496e-08,
                    0.8421363234519958,
                    0.5392645001411438,
                    2.173845052719116
                ],
                [
                    0.0,
                    0.0,
                    0.0,
                    1.0
                ]
            ]
        },
        {
            "file_path": "train/r_38",
            "rotation": 0.06283185307179587,
            "transform_matrix": [
                [
                    0.26744550466537476,
                    0.8979949951171875,
                    -0.34939634799957275,
                    -1.4084618091583252
                ],
                [
                    -0.9635729789733887,
                    0.24924395978450775,
                    -0.09697707742452621,
                    -0.39092713594436646
                ],
                [
                    0.0,
                    0.36260491609573364,
                    0.931942880153656,
                    3.756782054901123
                ],
                [
                    0.0,
                    0.0,
                    0.0,
                    1.0
                ]
            ]
        },
        {
            "file_path": "train/r_39",
            "rotation": 0.06283185307179587,
            "transform_matrix": [
                [
                    0.8146660327911377,
                    0.5758280158042908,
                    -0.06885655969381332,
                    -0.2775696814060211
                ],
                [
                    -0.5799301862716675,
                    0.8089033961296082,
                    -0.09672731906175613,
                    -0.38992026448249817
                ],
                [
                    7.4505797087454084e-09,
                    0.11873239278793335,
                    0.9929262399673462,
                    4.002613544464111
                ],
                [
                    0.0,
                    0.0,
                    0.0,
                    1.0
                ]
            ]
        },
        {
            "file_path": "train/r_40",
            "rotation": 0.06283185307179587,
            "transform_matrix": [
                [
                    0.11156316101551056,
                    -0.36258432269096375,
                    0.9252493381500244,
                    3.729799270629883
                ],
                [
                    0.9937573671340942,
                    0.040705159306526184,
                    -0.10387217253446579,
                    -0.41872212290763855
                ],
                [
                    0.0,
                    0.9310616254806519,
                    0.36486202478408813,
                    1.4708058834075928
                ],
                [
                    0.0,
                    0.0,
                    0.0,
                    1.0
                ]
            ]
        },
        {
            "file_path": "train/r_41",
            "rotation": 0.06283185307179587,
            "transform_matrix": [
                [
                    0.40523281693458557,
                    -0.3226567506790161,
                    0.8553823232650757,
                    3.4481565952301025
                ],
                [
                    0.9142135381698608,
                    0.14302030205726624,
                    -0.37915536761283875,
                    -1.5284242630004883
                ],
                [
                    7.450580596923828e-09,
                    0.9356483817100525,
                    0.3529336452484131,
                    1.4227211475372314
                ],
                [
                    0.0,
                    0.0,
                    0.0,
                    1.0
                ]
            ]
        },
        {
            "file_path": "train/r_42",
            "rotation": 0.06283185307179587,
            "transform_matrix": [
                [
                    -0.29115960001945496,
                    -0.9547297954559326,
                    0.06096849590539932,
                    0.2457718849182129
                ],
                [
                    0.9566744565963745,
                    -0.2905677855014801,
                    0.01855549030005932,
                    0.07479958236217499
                ],
                [
                    0.0,
                    0.06372955441474915,
                    0.9979671239852905,
                    4.022934436798096
                ],
                [
                    0.0,
                    0.0,
                    0.0,
                    1.0
                ]
            ]
        },
        {
            "file_path": "train/r_43",
            "rotation": 0.06283185307179587,
            "transform_matrix": [
                [
                    0.1159650906920433,
                    0.7019137144088745,
                    -0.702758252620697,
                    -2.832909345626831
                ],
                [
                    -0.993253231048584,
                    0.08195039629936218,
                    -0.08204898983240128,
                    -0.33075007796287537
                ],
                [
                    7.450580152834618e-09,
                    0.7075318694114685,
                    0.7066813707351685,
                    2.848723888397217
                ],
                [
                    0.0,
                    0.0,
                    0.0,
                    1.0
                ]
            ]
        },
        {
            "file_path": "train/r_44",
            "rotation": 0.06283185307179587,
            "transform_matrix": [
                [
                    0.7897944450378418,
                    0.467987984418869,
                    -0.3964996635913849,
                    -1.5983412265777588
                ],
                [
                    -0.613371729850769,
                    0.6025943160057068,
                    -0.510543942451477,
                    -2.0580685138702393
                ],
                [
                    1.4901161193847656e-08,
                    0.6464264392852783,
                    0.7629762887954712,
                    3.075655698776245
                ],
                [
                    0.0,
                    0.0,
                    0.0,
                    1.0
                ]
            ]
        },
        {
            "file_path": "train/r_45",
            "rotation": 0.06283185307179587,
            "transform_matrix": [
                [
                    -0.0038968983571976423,
                    0.9970102906227112,
                    -0.07717062532901764,
                    -0.3110847473144531
                ],
                [
                    -0.9999924302101135,
                    -0.0038852770812809467,
                    0.00030072833760641515,
