{
    "camera_angle_x": 0.6911112070083618,
    "frames": [
        {
            "file_path": "train/r_0",
            "rotation": 0.06283185307179587,
            "transform_matrix": [
                [
                    -0.007165923714637756,
                    0.23188211023807526,
                    -0.9727174639701843,
                    -3.921149492263794
                ],
                [
                    -0.9999743103981018,
                    -0.0016616920474916697,
                    0.006970597896724939,
                    0.02809937857091427
                ],
                [
                    0.0,
                    0.97274249792099,
                    0.2318880707025528,
                    0.9347707033157349
                ],
                [
                    0.0,
                    0.0,
                    0.0,
                    1.0
                ]
            ]
        },
        {
            "file_path": "train/r_1",
            "rotation": 0.06283185307179587,
            "transform_matrix": [
                [
                    0.899666428565979,
                    -0.1658705174922943,
                    0.4038407802581787,
                    1.6279343366622925
                ],
                [
                    0.43657809495925903,
                    0.3418131172657013,
                    -0.8322038650512695,
                    -3.3547213077545166
                ],
                [
                    1.4901161193847656e-08,
                    0.9250139594078064,
                    0.3799331784248352,
                    1.531559705734253
                ],
                [
                    0.0,
                    0.0,
                    0.0,
                    1.0
                ]
            ]
        },
        {
            "file_path": "train/r_2",
            "rotation": 0.06283185307179587,
            "transform_matrix": [
                [
                    -0.7636443376541138,
                    -0.5784177184104919,
                    0.2868453860282898,
                    1.156310796737671
                ],
                [
                    0.6456371545791626,
                    -0.6841387748718262,
                    0.3392738997936249,
                    1.3676568269729614
                ],
                [
                    1.4901161193847656e-08,
                    0.44428256154060364,
                    0.8958866596221924,
                    3.6114346981048584
                ],
                [
                    0.0,
                    0.0,
                    0.0,
                    1.0
                ]
            ]
        },
        {
            "file_path": "train/r_3",
            "rotation": 0.06283185307179587,
            "transform_matrix": [
                [
                    -0.634416937828064,
                    0.19885657727718353,
                    -0.7469746470451355,
                    -3.0111513137817383
                ],
                [
                    -0.7729911804199219,
                    -0.16320756077766418,
                    0.6130644679069519,
                    2.471342086791992
                ],
                [
                    -7.450581485102248e-09,
                    0.9663432836532593,
                    0.2572559714317322,
                    1.037032127380371
                ],
                [
                    0.0,
                    0.0,
                    0.0,
                    1.0
                ]
            ]
        },
        {
            "file_path": "train/r_4",
            "rotation": 0.06283185307179587,
            "transform_matrix": [
                [
                    -0.9998013377189636,
                    -0.00858630146831274,
                    0.017984304577112198,
                    0.07249705493450165
                ],
                [
                    0.019928868860006332,
                    -0.43076181411743164,
                    0.9022455215454102,
                    3.637068271636963
                ],
                [
                    0.0,
                    0.9024248719215393,
                    0.43084731698036194,
                    1.736801266670227
                ],
                [
                    0.0,
                    0.0,
                    0.0,
                    1.0
                ]
            ]
        },
        {
            "file_path": "train/r_5",
            "rotation": 0.06283185307179587,
            "transform_matrix": [
                [
                    -0.7600359916687012,
                    -0.37785953283309937,
                    0.5287413001060486,
                    2.1314244270324707
                ],
                [
                    0.6498809456825256,
                    -0.4419068992137909,
                    0.6183632016181946,
                    2.492701768875122
                ],
                [
                    0.0,
                    0.8135973215103149,
                    0.5814287662506104,
                    2.3438143730163574
                ],
                [
                    0.0,
                    0.0,
                    0.0,
                    1.0
                ]
            ]
        },
        {
            "file_path": "train/r_6",
            "rotation": 0.06283185307179587,
            "transform_matrix": [
                [
                    0.5687420964241028,
                    -0.3186749517917633,
                    0.7582734823226929,
                    3.0566983222961426
                ],
                [
                    0.8225160241127014,
                    0.22035297751426697,
                    -0.5243205428123474,
                    -2.1136040687561035
                ],
                [
                    0.0,
                    0.9218952059745789,
                    0.38743916153907776,
                    1.5618172883987427
                ],
                [
                    0.0,
                    0.0,
                    0.0,
                    1.0
                ]
            ]
        },
        {
            "file_path": "train/r_7",
            "rotation": 0.06283185307179587,
            "transform_matrix": [
                [
                    0.6398579478263855,
                    0.3737226128578186,
                    -0.6715006232261658,
                    -2.7069058418273926
                ],
                [
                    -0.768493115901947,
                    0.3111666142940521,
                    -0.5591006278991699,
                    -2.2538070678710938
                ],
                [
                    2.9802320611338473e-08,
                    0.8737886548042297,
                    0.48630577325820923,
                    1.960361361503601
                ],
                [
                    0.0,
                    0.0,
                    0.0,
                    1.0
                ]
            ]
        },
        {
            "file_path": "train/r_8",
            "rotation": 0.06283185307179587,
            "transform_matrix": [
                [
                    -0.24268847703933716,
                    0.4014791250228882,
                    -0.8831290006637573,
                    -3.560006856918335
                ],
                [
                    -0.9701042771339417,
                    -0.1004369854927063,
                    0.2209300994873047,
                    0.8905977010726929
                ],
                [
                    1.4901161193847656e-08,
                    0.9103444218635559,
                    0.4138514995574951,
                    1.6682887077331543
                ],
                [
                    0.0,
                    0.0,
                    0.0,
                    1.0
                ]
            ]
        },
        {
            "file_path": "train/r_9",
            "rotation": 0.06283185307179587,
            "transform_matrix": [
                [
                    0.9976914525032043,
                    0.04513173922896385,
                    -0.050743747502565384,
                    -0.20455458760261536
                ],
                [
                    -0.06791025400161743,
                    0.6630449891090393,
                    -0.7454928159713745,
                    -3.0051777362823486
                ],
                [
                    0.0,
                    0.7472178339958191,
                    0.6645792126655579,
                    2.679004430770874
                ],
                [
                    0.0,
                    0.0,
                    0.0,
                    1.0
                ]
            ]
        },
        {
            "file_path": "train/r_10",
            "rotation": 0.06283185307179587,
            "transform_matrix": [
                [
                    -0.13472822308540344,
                    0.5289953351020813,
                    -0.8378616571426392,
                    -3.377528667449951
                ],
                [
                    -0.9908825755119324,
                    -0.07192638516426086,
                    0.11392229050397873,
                    0.45923545956611633
                ],
                [
                    0.0,
                    0.8455711603164673,
                    0.5338627696037292,
                    2.1520698070526123
                ],
                [
                    0.0,
                    0.0,
                    0.0,
                    1.0
                ]
            ]
        },
        {
            "file_path": "train/r_11",
            "rotation": 0.06283185307179587,
            "transform_matrix": [
                [
                    -0.024652207270264626,
                    0.8467109799385071,
                    -0.5314816236495972,
                    -2.1424713134765625
                ],
                [
                    -0.9996960759162903,
                    -0.02087963931262493,
                    0.013106178492307663,
                    0.052832700312137604
                ],
                [
                    0.0,
                    0.5316433906555176,
                    0.8469682335853577,
                    3.414238452911377
                ],
                [
                    0.0,
                    0.0,
                    0.0,
                    1.0
                ]
            ]
        },
        {
            "file_path": "train/r_12",
            "rotation": 0.06283185307179587,
            "transform_matrix": [
                [
                    0.7793194651603699,
                    0.4403075873851776,
                    -0.44585904479026794,
                    -1.7973153591156006
                ],
                [
                    -0.6266266703605652,
                    0.547599196434021,
                    -0.5545033812522888,
                    -2.2352747917175293
                ],
                [
                    0.0,
                    0.7115225791931152,
                    0.7026631832122803,
                    2.832526206970215
                ],
                [
                    0.0,
                    0.0,
                    0.0,
                    1.0
                ]
            ]
        },
        {
            "file_path": "train/r_13",
            "rotation": 0.06283185307179587,
            "transform_matrix": [
                [
                    -0.8809235692024231,
                    -0.14017008244991302,
                    0.4520242214202881,
                    1.822167992591858
                ],
                [
                    0.47325852513313293,
                    -0.2609126567840576,
                    0.8413981199264526,
                    3.39178466796875
                ],
                [
                    0.0,
                    0.9551318287849426,
                    0.296180784702301,
                    1.1939430236816406
                ],
                [
                    0.0,
                    0.0,
                    0.0,
                    1.0
                ]
            ]
        },
        {
            "file_path": "train/r_14",
            "rotation": 0.06283185307179587,
            "transform_matrix": [
                [
                    -0.5051236748695374,
                    -0.8164528608322144,
                    0.27974042296409607,
                    1.1276696920394897
                ],
                [
                    0.8630469441413879,
                    -0.4778531491756439,
                    0.163726344704628,
                    0.6600019931793213
                ],
                [
                    0.0,
                    0.3241312801837921,
                    0.9460121989250183,
                    3.8134970664978027
                ],
                [
                    0.0,
                    0.0,
                    0.0,
                    1.0
                ]
            ]
        },
        {
            "file_path": "train/r_15",
            "rotation": 0.06283185307179587,
            "transform_matrix": [
                [
                    0.9894348382949829,
                    -0.09690314531326294,
                    0.10783568024635315,
                    0.43469953536987305
                ],
                [
                    0.14497846364974976,
                    0.6613351106643677,
                    -0.7359464168548584,
                    -2.9666948318481445
                ],
                [
                    0.0,
                    0.7438048720359802,
                    0.6683968305587769,
                    2.6943938732147217
                ],
                [
                    0.0,
                    0.0,
                    0.0,
                    1.0
                ]
            ]
        },
        {
            "file_path": "train/r_16",
            "rotation": 0.06283185307179587,
            "transform_matrix": [
                [
                    0.06458139419555664,
                    0.290859192609787,
                    -0.9545837640762329,
                    -3.848050117492676
                ],
                [
                    -0.9979124665260315,
                    0.01882338710129261,
                    -0.06177731603384018,
                    -0.24903233349323273
                ],
                [
                    0.0,
                    0.956580638885498,
                    0.2914676368236542,
                    1.1749436855316162
                ],
                [
                    0.0,
                    0.0,
                    0.0,
                    1.0
                ]
            ]
        },
        {
            "file_path": "train/r_17",
            "rotation": 0.06283185307179587,
            "transform_matrix": [
                [
                    0.9387355446815491,
                    0.21709731221199036,
                    -0.2676643431186676,
                    -1.0789896249771118
                ],
                [
                    -0.3446381390094757,
                    0.5913360714912415,
                    -0.729072093963623,
                    -2.938983917236328
                ],
                [
                    0.0,
                    0.7766533493995667,
                    0.6299281120300293,
                    2.5393216609954834
                ],
                [
                    0.0,
                    0.0,
                    0.0,
                    1.0
                ]
            ]
        },
        {
            "file_path": "train/r_18",
            "rotation": 0.06283185307179587,
            "transform_matrix": [
                [
                    -0.4054088890552521,
                    -0.7905552387237549,
                    0.45898371934890747,
                    1.8502225875854492
                ],
                [
                    0.9141353964805603,
                    -0.35060247778892517,
                    0.2035541832447052,
                    0.820553183555603
                ],
                [
                    0.0,
                    0.5020960569381714,
                    0.8648118376731873,
                    3.486168146133423
                ],
                [
                    0.0,
                    0.0,
                    0.0,
                    1.0
                ]
            ]
        },
        {
            "file_path": "train/r_19",
            "rotation": 0.06283185307179587,
            "transform_matrix": [
                [
                    0.706899881362915,
                    0.6200510263442993,
                    -0.34033700823783875,
                    -1.3719422817230225
                ],
                [
                    -0.7073135375976562,
                    0.6196883916854858,
                    -0.34013795852661133,
                    -1.3711398839950562
                ],
                [
                    0.0,
                    0.4811684489250183,
                    0.8766281008720398,
                    3.5338008403778076
                ],
                [
                    0.0,
                    0.0,
                    0.0,
                    1.0
                ]
            ]
        },
        {
            "file_path": "train/r_20",
            "rotation": 0.06283185307179587,
            "transform_matrix": [
                [
                    -0.9932010769844055,
                    0.019901644438505173,
                    -0.11469707638025284,
                    -0.4623587429523468
                ],
                [
                    -0.11641088128089905,
                    -0.16979798674583435,
                    0.9785791039466858,
                    3.9447786808013916
                ],
                [
                    1.8626450382086546e-09,
                    0.9852778911590576,
                    0.17096030712127686,
                    0.689163088798523
                ],
                [
                    0.0,
                    0.0,
                    0.0,
                    1.0
                ]
            ]
        },
        {
            "file_path": "train/r_21",
            "rotation": 0.06283185307179587,
            "transform_matrix": [
                [
                    -0.9916644096374512,
                    -0.08713589608669281,
                    0.09491615742444992,
                    0.38261929154396057
                ],
                [
                    0.12884776294231415,
                    -0.6706330180168152,
                    0.7305130958557129,
                    2.9447927474975586
                ],
                [
                    -7.450581485102248e-09,
                    0.7366535663604736,
                    0.6762701272964478,
                    2.726132392883301
                ],
                [
                    0.0,
                    0.0,
                    0.0,
                    1.0
                ]
            ]
        },
        {
            "file_path": "train/r_22",
            "rotation": 0.06283185307179587,
            "transform_matrix": [
                [
                    -0.3390423655509949,
                    0.4470897614955902,
                    -0.8277444243431091,
                    -3.336744785308838
                ],
                [
                    -0.9407709836959839,
                    -0.16112567484378815,
                    0.29830896854400635,
                    1.2025220394134521
                ],
                [
                    0.0,
                    0.8798574805259705,
                    0.47523751854896545,
                    1.9157438278198242
                ],
                [
                    0.0,
                    0.0,
                    0.0,
                    1.0
                ]
            ]
        },
        {
            "file_path": "train/r_23",
            "rotation": 0.06283185307179587,
            "transform_matrix": [
                [
                    -0.8591805696487427,
                    0.43730294704437256,
                    -0.2656593918800354,
                    -1.0709073543548584
                ],
                [
                    -0.5116725564002991,
                    -0.7343020439147949,
                    0.4460849165916443,
                    1.7982258796691895
                ],
                [
                    0.0,
                    0.5191981792449951,
                    0.8546538352966309,
                    3.4452199935913086
                ],
                [
                    0.0,
                    0.0,
                    0.0,
                    1.0
                ]
            ]
        },
        {
            "file_path": "train/r_24",
            "rotation": 0.06283185307179587,
            "transform_matrix": [
                [
                    0.996332049369812,
                    -0.07792534679174423,
                    0.03535705804824829,
                    0.14252886176109314
                ],
                [
                    0.08557149767875671,
                    0.9073058366775513,
                    -0.41167178750038147,
                    -1.6595020294189453
                ],
                [
                    0.0,
                    0.4131873846054077,
                    0.9106460213661194,
                    3.670931577682495
                ],
                [
                    0.0,
                    0.0,
                    0.0,
                    1.0
                ]
            ]
        },
        {
            "file_path": "train/r_25",
            "rotation": 0.06283185307179587,
            "transform_matrix": [
                [
                    0.7508345246315002,
                    -0.17293618619441986,
                    0.6374484896659851,
                    2.5696370601654053
                ],
                [
                    0.6604902744293213,
                    0.19659101963043213,
                    -0.724640965461731,
                    -2.921121120452881
                ],
                [
                    0.0,
                    0.9651139974594116,
                    0.26183003187179565,
                    1.055470585823059
                ],
                [
                    0.0,
                    0.0,
                    0.0,
                    1.0
                ]
            ]
        },
        {
            "file_path": "train/r_26",
            "rotation": 0.06283185307179587,
            "transform_matrix": [
                [
                    0.6800055503845215,
                    -0.6826268434524536,
                    0.2676059305667877,
                    1.0787538290023804
                ],
                [
                    0.7332069277763367,
                    0.6330955624580383,
                    -0.24818849563598633,
                    -1.0004796981811523
                ],
                [
                    0.0,
                    0.36498016119003296,
                    0.9310154318809509,
                    3.753042697906494
                ],
                [
                    0.0,
                    0.0,
                    0.0,
                    1.0
                ]
            ]
        },
        {
            "file_path": "train/r_27",
            "rotation": 0.06283185307179587,
            "transform_matrix": [
                [
                    -0.7643581032752991,
                    -0.34932538866996765,
                    0.5419672727584839,
                    2.184739828109741
                ],
                [
                    0.6447920799255371,
                    -0.4141020178794861,
                    0.642466127872467,
                    2.5898637771606445
                ],
                [
                    1.4901161193847656e-08,
                    0.840530276298523,
                    0.5417644381523132,
                    2.183922290802002
                ],
                [
                    0.0,
                    0.0,
                    0.0,
                    1.0
                ]
            ]
        },
        {
            "file_path": "train/r_28",
            "rotation": 0.06283185307179587,
            "transform_matrix": [
                [
                    0.47836560010910034,
                    -0.5801821947097778,
                    0.659207820892334,
                    2.6573519706726074
                ],
                [
                    0.8781607747077942,
                    0.31604599952697754,
                    -0.35909411311149597,
                    -1.4475548267364502
                ],
                [
                    1.4901161193847656e-08,
                    0.7506687641143799,
                    0.6606786251068115,
                    2.663280963897705
                ],
                [
                    0.0,
                    0.0,
                    0.0,
                    1.0
                ]
            ]
        },
        {
            "file_path": "train/r_29",
            "rotation": 0.06283185307179587,
            "transform_matrix": [
                [
                    -0.40059322118759155,
                    -0.5498172640800476,
                    0.7329568862915039,
                    2.954643964767456
                ],
                [
                    0.9162560105323792,
                    -0.2403837889432907,
                    0.3204536437988281,
                    1.2917901277542114
                ],
                [
                    1.4901161193847656e-08,
                    0.7999477982521057,
                    0.600069522857666,
                    2.4189579486846924
                ],
                [
                    0.0,
                    0.0,
                    0.0,
                    1.0
                ]
            ]
        },
        {
            "file_path": "train/r_30",
            "rotation": 0.06283185307179587,
            "transform_matrix": [
                [
                    0.6327149868011475,
                    0.7625486850738525,
                    -0.1348753124475479,
                    -0.5436998009681702
                ],
                [
                    -0.7743847370147705,
                    0.6230442523956299,
                    -0.11020055413246155,
                    -0.44423264265060425
                ],
                [
                    0.0,
                    0.17417077720165253,
                    0.9847154021263123,
                    3.969514846801758
                ],
                [
                    0.0,
                    0.0,
                    0.0,
                    1.0
                ]
            ]
        },
        {
            "file_path": "train/r_31",
            "rotation": 0.06283185307179587,
            "transform_matrix": [
                [
                    0.6658564209938049,
                    0.41576606035232544,
                    -0.6194946765899658,
                    -2.497263193130493
                ],
                [
                    -0.7460798621177673,
                    0.3710601329803467,
                    -0.5528824925422668,
                    -2.228740930557251
                ],
                [
                    0.0,
                    0.83033287525177,
                    0.557267427444458,
                    2.2464170455932617
                ],
                [
                    0.0,
                    0.0,
                    0.0,
                    1.0
                ]
            ]
        },
        {
            "file_path": "train/r_32",
            "rotation": 0.06283185307179587,
            "transform_matrix": [
                [
                    -0.03461243212223053,
                    -0.3590433597564697,
                    0.9326788187026978,
                    3.759748697280884
                ],
                [
                    0.9994008541107178,
                    -0.012434814125299454,
                    0.032301634550094604,
                    0.13021205365657806
                ],
                [
                    0.0,
                    0.9332380294799805,
                    0.35925862193107605,
                    1.4482178688049316
                ],
                [
                    0.0,
                    0.0,
                    0.0,
                    1.0
                ]
            ]
        },
        {
            "file_path": "train/r_33",
            "rotation": 0.06283185307179587,
            "transform_matrix": [
                [
                    -0.823371171951294,
                    -0.30871549248695374,
                    0.47618743777275085,
                    1.9195730686187744
                ],
                [
                    0.5675030946731567,
                    -0.44790494441986084,
                    0.6908843517303467,
                    2.7850441932678223
                ],
                [
                    0.0,
                    0.8390922546386719,
                    0.5439890027046204,
                    2.192890167236328
                ],
                [
                    0.0,
                    0.0,
                    0.0,
                    1.0
                ]
            ]
        },
        {
            "file_path": "train/r_34",
            "rotation": 0.06283185307179587,
            "transform_matrix": [
                [
                    -0.02765733189880848,
                    -0.17956560850143433,
                    0.9833570718765259,
                    3.9640393257141113
                ],
                [
                    0.9996174573898315,
                    -0.0049682059325277805,
                    0.02720743976533413,
                    0.10967670381069183
                ],
                [
                    0.0,
                    0.9837334156036377,
                    0.17963431775569916,
                    0.7241291403770447
                ],
                [
                    0.0,
                    0.0,
                    0.0,
                    1.0
                ]
            ]
        },
        {
            "file_path": "train/r_35",
            "rotation": 0.06283185307179587,
            "transform_matrix": [
                [
                    -0.8302376866340637,
                    0.4239187240600586,
                    -0.36193692684173584,
                    -1.4590144157409668
                ],
                [
                    -0.5574095845222473,
                    -0.6314087510108948,
                    0.5390895009040833,
                    2.1731393337249756
                ],
                [
                    0.0,
                    0.6493194699287415,
                    0.7605156898498535,
                    3.065736770629883
                ],
                [
                    0.0,
                    0.0,
                    0.0,
                    1.0
                ]
            ]
        },
        {
            "file_path": "train/r_36",
            "rotation": 0.06283185307179587,
            "transform_matrix": [
                [
                    -0.904214084148407,
                    -0.3022749423980713,
                    0.3017066717147827,
                    1.2162184715270996
                ],
                [
                    0.4270797371864319,
                    -0.6399771571159363,
                    0.6387739777565002,
                    2.5749802589416504
                ],
                [
                    0.0,
                    0.7064411044120789,
                    0.7077717781066895,
                    2.853119373321533
                ],
                [
                    0.0,
                    0.0,
                    0.0,
                    1.0
                ]
            ]
        },
        {
            "file_path": "train/r_37",
            "rotation": 0.06283185307179587,
            "transform_matrix": [
                [
                    -0.961641788482666,
                    0.09321959316730499,
                    -0.25798290967941284,
                    -1.0399624109268188
                ],
                [
                    -0.27430832386016846,
                    -0.32679957151412964,
                    0.9044097065925598,
                    3.645792245864868
                ],
                [
                    0.0,
                    0.9404850006103516,
                    0.3398350179195404,
                    1.3699188232421875
                ],
                [
                    0.0,
                    0.0,
                    0.0,
                    1.0
                ]
            ]
        },
        {
            "file_path": "train/r_38",
            "rotation": 0.06283185307179587,
            "transform_matrix": [
                [
                    0.4322945177555084,
                    0.6398999691009521,
                    -0.6353340148925781,
                    -2.5611135959625244
                ],
                [
                    -0.9017325639724731,
                    0.30677083134651184,
                    -0.304581880569458,
                    -1.227808952331543
                ],
                [
                    1.4901162970204496e-08,
                    0.7045704126358032,
                    0.7096339464187622,
                    2.860626220703125
                ],
                [
                    0.0,
                    0.0,
                    0.0,
                    1.0
                ]
            ]
        },
        {
            "file_path": "train/r_39",
            "rotation": 0.06283185307179587,
            "transform_matrix": [
                [
                    -0.7272301316261292,
                    0.6307233572006226,
                    -0.27078473567962646,
                    -1.0915683507919312
                ],
                [
                    -0.6863937377929688,
                    -0.6682476997375488,
                    0.286894828081131,
                    1.1565101146697998
                ],
                [
                    -1.4901162970204496e-08,
                    0.39450347423553467,
                    0.918894350528717,
                    3.7041819095611572
                ],
                [
                    0.0,
                    0.0,
                    0.0,
                    1.0
                ]
            ]
        },
        {
            "file_path": "train/r_40",
            "rotation": 0.06283185307179587,
            "transform_matrix": [
                [
                    0.061465583741664886,
                    -0.6464838981628418,
                    0.7604475617408752,
                    3.065462112426758
                ],
                [
                    0.9981092810630798,
                    0.03981178626418114,
                    -0.04682989791035652,
                    -0.188777357339859
                ],
                [
                    0.0,
                    0.7618881464004517,
                    0.6477085947990417,
                    2.610996961593628
                ],
                [
                    0.0,
                    0.0,
                    0.0,
                    1.0
                ]
            ]
        },
        {
            "file_path": "train/r_41",
            "rotation": 0.06283185307179587,
            "transform_matrix": [
                [
                    0.2101525366306305,
                    -0.6891047954559326,
                    0.6935203671455383,
                    2.7956702709198
                ],
                [
                    0.9776686429977417,
                    0.14812493324279785,
                    -0.14907407760620117,
                    -0.6009368896484375
                ],
                [
                    7.450580596923828e-09,
                    0.7093614935874939,
                    0.7048448324203491,
                    2.841320753097534
                ],
                [
                    0.0,
                    0.0,
                    0.0,
                    1.0
                ]
            ]
        },
        {
            "file_path": "train/r_42",
            "rotation": 0.06283185307179587,
            "transform_matrix": [
                [
                    -0.8305749893188477,
                    -0.46448272466659546,
                    0.30724743008613586,
                    1.2385541200637817
                ],
                [
                    0.5569068789482117,
                    -0.6927329897880554,
                    0.4582310914993286,
                    1.8471887111663818
                ],
                [
                    1.4901162970204496e-08,
                    0.5517035126686096,
                    0.8340402245521545,
                    3.362123966217041
                ],
                [
                    0.0,
                    0.0,
                    0.0,
                    1.0
                ]
            ]
        },
        {
            "file_path": "train/r_43",
            "rotation": 0.06283185307179587,
            "transform_matrix": [
                [
                    0.3257381319999695,
                    -0.29751449823379517,
                    0.8974295258522034,
                    3.6176540851593018
                ],
                [
                    0.9454599618911743,
                    0.10250230133533478,
                    -0.3091902732849121,
                    -1.2463858127593994
                ],
                [
                    -7.450580152834618e-09,
                    0.949198842048645,
                    0.314676970243454,
                    1.2685034275054932
                ],
                [
                    0.0,
                    0.0,
                    0.0,
                    1.0
                ]
            ]
        },
        {
            "file_path": "train/r_44",
            "rotation": 0.06283185307179587,
            "transform_matrix": [
                [
                    0.8942756652832031,
                    0.23034164309501648,
                    -0.3836846649646759,
                    -1.546682357788086
                ],
                [
                    -0.4475167393684387,
                    0.4602932035923004,
                    -0.7667195796966553,
                    -3.090745449066162
                ],
                [
                    0.0,
                    0.8573638796806335,
                    0.5147107243537903,
                    2.0748653411865234
                ],
                [
                    0.0,
                    0.0,
                    0.0,
                    1.0
                ]
            ]
        },
        {
            "file_path": "train/r_45",
            "rotation": 0.06283185307179587,
            "transform_matrix": [
                [
                    0.9794675707817078,
                    0.09104851633310318,
                    -0.17987067997455597,
                    -0.7250819802284241
                ],
                [
                    -0.20160183310508728,
                    0.44235244393348694,
                    -0.873888373374939,
                    -3.522757053375244
                ],
                [
                    -7.450580596923828e-09,
                    0.892207682132721,
                    0.45162537693977356,
