{
    "camera_angle_x": 0.6911112070083618,
    "frames": [
        {
            "file_path": "train/r_0",
            "rotation": 0.06283185307179587,
            "transform_matrix": [
                [
                    -0.6301926970481873,
                    -0.5962737202644348,
                    0.49730756878852844,
                    2.0047109127044678
                ],
                [
                    0.7764386534690857,
                    -0.48396262526512146,
                    0.40363723039627075,
                    1.627113699913025
                ],
                [
                    1.4901159417490817e-08,
                    0.640498161315918,
                    0.767959713935852,
                    3.0957446098327637
                ],
                [
                    0.0,
                    0.0,
                    0.0,
                    1.0
                ]
            ]
        },
        {
            "file_path": "train/r_1",
            "rotation": 0.06283185307179587,
            "transform_matrix": [
                [
                    0.9754303693771362,
                    -0.18886668980121613,
                    0.11342372000217438,
                    0.45722565054893494
                ],
                [
                    0.22030788660049438,
                    0.8362219929695129,
                    -0.5021923780441284,
                    -2.024402141571045
                ],
                [
                    0.0,
                    0.5148417949676514,
                    0.85728520154953,
                    3.455827236175537
                ],
                [
                    0.0,
                    0.0,
                    0.0,
                    1.0
                ]
            ]
        },
        {
            "file_path": "train/r_2",
            "rotation": 0.06283185307179587,
            "transform_matrix": [
                [
                    0.1673756092786789,
                    -0.8767707347869873,
                    0.450842022895813,
                    1.8174023628234863
                ],
                [
                    0.9858932495117188,
                    0.14884981513023376,
                    -0.07653968036174774,
                    -0.30854132771492004
                ],
                [
                    0.0,
                    0.4572928547859192,
                    0.8893160820007324,
                    3.5849478244781494
                ],
                [
                    0.0,
                    0.0,
                    0.0,
                    1.0
                ]
            ]
        },
        {
            "file_path": "train/r_3",
            "rotation": 0.06283185307179587,
            "transform_matrix": [
                [
                    0.6869217157363892,
                    0.24387578666210175,
                    -0.6845897436141968,
                    -2.759669542312622
                ],
                [
                    -0.7267314195632935,
                    0.2305164784193039,
                    -0.6470885276794434,
                    -2.608497381210327
                ],
                [
                    -1.4901162970204496e-08,
                    0.9420120716094971,
                    0.33557894825935364,
                    1.35276198387146
                ],
                [
                    0.0,
                    0.0,
                    0.0,
                    1.0
                ]
            ]
        },
        {
            "file_path": "train/r_4",
            "rotation": 0.06283185307179587,
            "transform_matrix": [
                [
                    -0.9527902603149414,
                    -0.11305765062570572,
                    0.2817956805229187,
                    1.135954737663269
                ],
                [
                    0.30362945795059204,
                    -0.3547752797603607,
                    0.8842757940292358,
                    3.564629554748535
                ],
                [
                    7.450580596923828e-09,
                    0.9280907511711121,
                    0.37235400080680847,
                    1.5010069608688354
                ],
                [
                    0.0,
                    0.0,
                    0.0,
                    1.0
                ]
            ]
        },
        {
            "file_path": "train/r_5",
            "rotation": 0.06283185307179587,
            "transform_matrix": [
                [
                    -0.3394468426704407,
                    -0.5425824522972107,
                    0.7683619260787964,
                    3.0973660945892334
                ],
                [
                    0.9406252503395081,
                    -0.195803701877594,
                    0.2772815525531769,
                    1.1177576780319214
                ],
                [
                    1.4901161193847656e-08,
                    0.8168630003929138,
                    0.5768316984176636,
                    2.3252830505371094
                ],
                [
                    0.0,
                    0.0,
                    0.0,
                    1.0
                ]
            ]
        },
        {
            "file_path": "train/r_6",
            "rotation": 0.06283185307179587,
            "transform_matrix": [
                [
                    -0.880794107913971,
                    0.2171993851661682,
                    -0.42074477672576904,
                    -1.6960763931274414
                ],
                [
                    -0.47349950671195984,
                    -0.40402987599372864,
                    0.7826609015464783,
                    3.1550071239471436
                ],
                [
                    0.0,
                    0.8885855674743652,
                    0.4587108790874481,
                    1.8491226434707642
                ],
                [
                    0.0,
                    0.0,
                    0.0,
                    1.0
                ]
            ]
        },
        {
            "file_path": "train/r_7",
            "rotation": 0.06283185307179587,
            "transform_matrix": [
                [
                    0.147801473736763,
                    -0.6699269413948059,
                    0.7275662422180176,
                    2.932913303375244
                ],
                [
                    0.989017128944397,
                    0.10011574625968933,
                    -0.1087295338511467,
                    -0.43830278515815735
                ],
                [
                    7.450581485102248e-09,
                    0.7356457114219666,
                    0.6773664355278015,
                    2.7305514812469482
                ],
                [
                    0.0,
                    0.0,
                    0.0,
                    1.0
                ]
            ]
        },
        {
            "file_path": "train/r_8",
            "rotation": 0.06283185307179587,
            "transform_matrix": [
                [
                    0.7335366606712341,
                    -0.4981062114238739,
                    0.4624004364013672,
                    1.863995909690857
                ],
                [
                    0.6796498894691467,
                    0.5375991463661194,
                    -0.49906235933303833,
                    -2.011784791946411
                ],
                [
                    -2.9802320611338473e-08,
                    0.6803510189056396,
                    0.7328863739967346,
                    2.954359769821167
                ],
                [
                    0.0,
                    0.0,
                    0.0,
                    1.0
                ]
            ]
        },
        {
            "file_path": "train/r_9",
            "rotation": 0.06283185307179587,
            "transform_matrix": [
                [
                    -0.38808509707450867,
                    -0.32656481862068176,
                    0.8618267774581909,
                    3.474134922027588
                ],
                [
                    0.9216235876083374,
                    -0.1375126987695694,
                    0.362905353307724,
                    1.4629182815551758
                ],
                [
                    0.0,
                    0.9351179599761963,
                    0.3543364703655243,
                    1.4283759593963623
                ],
                [
                    0.0,
                    0.0,
                    0.0,
                    1.0
                ]
            ]
        },
        {
            "file_path": "train/r_10",
            "rotation": 0.06283185307179587,
            "transform_matrix": [
                [
                    -0.9710180163383484,
                    0.23744793236255646,
                    -0.027248885482549667,
                    -0.10984376817941666
                ],
                [
                    -0.23900631070137024,
                    -0.9646866917610168,
                    0.11070485413074493,
                    0.4462655186653137
                ],
                [
                    1.8626450382086546e-09,
                    0.11400887370109558,
                    0.9934797286987305,
                    4.004844665527344
                ],
                [
                    0.0,
                    0.0,
                    0.0,
                    1.0
                ]
            ]
        },
        {
            "file_path": "train/r_11",
            "rotation": 0.06283185307179587,
            "transform_matrix": [
                [
                    -0.975583553314209,
                    0.08867277950048447,
                    -0.20093269646167755,
                    -0.8099856972694397
                ],
                [
                    -0.21962884068489075,
                    -0.3938813805580139,
                    0.8925359845161438,
                    3.5979278087615967
                ],
                [
                    0.0,
                    0.9148740172386169,
                    0.4037392735481262,
                    1.6275252103805542
                ],
                [
                    0.0,
                    0.0,
                    0.0,
                    1.0
                ]
            ]
        },
        {
            "file_path": "train/r_12",
            "rotation": 0.06283185307179587,
            "transform_matrix": [
                [
                    -0.9532336592674255,
                    0.16405662894248962,
                    -0.2538326680660248,
                    -1.023232340812683
                ],
                [
                    -0.30223438143730164,
                    -0.5174272060394287,
                    0.8005768656730652,
                    3.227228879928589
                ],
                [
                    1.4901161193847656e-08,
                    0.8398539423942566,
                    0.5428124666213989,
                    2.1881473064422607
                ],
                [
                    0.0,
                    0.0,
                    0.0,
                    1.0
                ]
            ]
        },
        {
            "file_path": "train/r_13",
            "rotation": 0.06283185307179587,
            "transform_matrix": [
                [
                    -0.968349814414978,
                    -0.0978812426328659,
                    0.229604110121727,
                    0.9255637526512146
                ],
                [
                    0.24959731101989746,
                    -0.37974485754966736,
                    0.8907833099365234,
                    3.590862512588501
                ],
                [
                    7.450581485102248e-09,
                    0.9198983907699585,
                    0.3921566605567932,
                    1.580834150314331
                ],
                [
                    0.0,
                    0.0,
                    0.0,
                    1.0
                ]
            ]
        },
        {
            "file_path": "train/r_14",
            "rotation": 0.06283185307179587,
            "transform_matrix": [
                [
                    -0.9998319149017334,
                    0.011741993948817253,
                    -0.014089114032685757,
                    -0.05679503455758095
                ],
                [
                    -0.01834060251712799,
                    -0.6401109099388123,
                    0.768063485622406,
                    3.096163034439087
                ],
                [
                    9.31322685637781e-10,
                    0.768192708492279,
                    0.6402186751365662,
                    2.5808041095733643
                ],
                [
                    0.0,
                    0.0,
                    0.0,
                    1.0
                ]
            ]
        },
        {
            "file_path": "train/r_15",
            "rotation": 0.06283185307179587,
            "transform_matrix": [
                [
                    0.9932317137718201,
                    -0.028351863846182823,
                    0.112636037170887,
                    0.4540503919124603
                ],
                [
                    0.11614950001239777,
                    0.2424459010362625,
                    -0.9631869792938232,
                    -3.8827309608459473
                ],
                [
                    0.0,
                    0.9697505831718445,
                    0.2440979927778244,
                    0.983990490436554
                ],
                [
                    0.0,
                    0.0,
                    0.0,
                    1.0
                ]
            ]
        },
        {
            "file_path": "train/r_16",
            "rotation": 0.06283185307179587,
            "transform_matrix": [
                [
                    -0.023742366582155228,
                    -0.653720498085022,
                    0.7563635110855103,
                    3.0489988327026367
                ],
                [
                    0.999718189239502,
                    -0.01552524697035551,
                    0.017962921410799026,
                    0.07241085171699524
                ],
                [
                    9.31322685637781e-10,
                    0.7565767765045166,
                    0.6539047956466675,
                    2.635974645614624
                ],
                [
                    0.0,
                    0.0,
                    0.0,
                    1.0
                ]
            ]
        },
        {
            "file_path": "train/r_17",
            "rotation": 0.06283185307179587,
            "transform_matrix": [
                [
                    -0.20311884582042694,
                    -0.9264258146286011,
                    0.3169826567173004,
                    1.2777979373931885
                ],
                [
                    0.9791539907455444,
                    -0.19218075275421143,
                    0.06575591117143631,
                    0.2650705575942993
                ],
                [
                    -7.4505792646561986e-09,
                    0.32373109459877014,
                    0.9461491107940674,
                    3.814049005508423
                ],
                [
                    0.0,
                    0.0,
                    0.0,
                    1.0
                ]
            ]
        },
        {
            "file_path": "train/r_18",
            "rotation": 0.06283185307179587,
            "transform_matrix": [
                [
                    -0.07926017045974731,
                    0.2685798704624176,
                    -0.959990918636322,
                    -3.869847297668457
                ],
                [
                    -0.9968540072441101,
                    -0.02135486714541912,
                    0.07632917165756226,
                    0.3076927661895752
                ],
                [
                    1.862645149230957e-09,
                    0.9630206227302551,
                    0.26942747831344604,
                    1.086097002029419
                ],
                [
                    0.0,
                    0.0,
                    0.0,
                    1.0
                ]
            ]
        },
        {
            "file_path": "train/r_19",
            "rotation": 0.06283185307179587,
            "transform_matrix": [
                [
                    -0.4625391364097595,
                    -0.637305736541748,
                    0.6163594126701355,
                    2.484624147415161
                ],
                [
                    0.8865989446640015,
                    -0.3324827253818512,
                    0.3215550184249878,
                    1.2962297201156616
                ],
                [
                    0.0,
                    0.6951953172683716,
                    0.7188208699226379,
                    2.8976595401763916
                ],
                [
                    0.0,
                    0.0,
                    0.0,
                    1.0
                ]
            ]
        },
        {
            "file_path": "train/r_20",
            "rotation": 0.06283185307179587,
            "transform_matrix": [
                [
                    0.6187582015991211,
                    0.25205913186073303,
                    -0.7440459728240967,
                    -2.999345541000366
                ],
                [
                    -0.7855814695358276,
                    0.19853276014328003,
                    -0.5860429406166077,
                    -2.362414836883545
                ],
                [
                    1.4901161193847656e-08,
                    0.947127640247345,
                    0.3208567500114441,
                    1.2934150695800781
                ],
                [
                    0.0,
                    0.0,
                    0.0,
                    1.0
                ]
            ]
        },
        {
            "file_path": "train/r_21",
            "rotation": 0.06283185307179587,
            "transform_matrix": [
                [
                    0.8569965362548828,
                    0.11724134534597397,
                    -0.5018079876899719,
                    -2.022852897644043
                ],
                [
                    -0.5153220295906067,
                    0.19497598707675934,
                    -0.8345222473144531,
                    -3.3640670776367188
                ],
                [
                    0.0,
                    0.9737755060195923,
                    0.22751079499721527,
                    0.917125403881073
                ],
                [
                    0.0,
                    0.0,
                    0.0,
                    1.0
                ]
            ]
        },
        {
            "file_path": "train/r_22",
            "rotation": 0.06283185307179587,
            "transform_matrix": [
                [
                    0.9784210920333862,
                    -0.17092593014240265,
                    0.11608824878931046,
                    0.4679667353630066
                ],
                [
                    0.20662082731723785,
                    0.8093934655189514,
                    -0.5497180223464966,
                    -2.215984582901001
                ],
                [
                    0.0,
                    0.5618420243263245,
                    0.8272444009780884,
                    3.3347291946411133
                ],
                [
                    0.0,
                    0.0,
                    0.0,
                    1.0
                ]
            ]
        },
        {
            "file_path": "train/r_23",
            "rotation": 0.06283185307179587,
            "transform_matrix": [
                [
                    0.9739899039268494,
                    0.06784142553806305,
                    -0.21619705855846405,
                    -0.8715183138847351
                ],
                [
                    -0.22659136354923248,
                    0.291612446308136,
                    -0.9293106198310852,
                    -3.746171474456787
                ],
                [
                    0.0,
                    0.9541277289390564,
                    0.29939982295036316,
                    1.2069194316864014
                ],
                [
                    0.0,
                    0.0,
                    0.0,
                    1.0
                ]
            ]
        },
        {
            "file_path": "train/r_24",
            "rotation": 0.06283185307179587,
            "transform_matrix": [
                [
                    -0.4287392795085907,
                    0.3313811421394348,
                    -0.8404576182365417,
                    -3.387993574142456
                ],
                [
                    -0.903428316116333,
                    -0.15726329386234283,
                    0.3988553285598755,
                    1.6078375577926636
                ],
                [
                    0.0,
                    0.9302982091903687,
                    0.36680400371551514,
                    1.4786343574523926
                ],
                [
                    0.0,
                    0.0,
                    0.0,
                    1.0
                ]
            ]
        },
        {
            "file_path": "train/r_25",
            "rotation": 0.06283185307179587,
            "transform_matrix": [
                [
                    0.5640248656272888,
                    0.7656641602516174,
                    -0.309247761964798,
                    -1.2466176748275757
                ],
                [
                    -0.8257578015327454,
                    0.5229786038398743,
                    -0.21122832596302032,
                    -0.8514886498451233
                ],
                [
                    1.4901161193847656e-08,
                    0.37450167536735535,
                    0.9272260665893555,
                    3.7377681732177734
                ],
                [
                    0.0,
                    0.0,
                    0.0,
                    1.0
                ]
            ]
        },
        {
            "file_path": "train/r_26",
            "rotation": 0.06283185307179587,
            "transform_matrix": [
                [
                    0.5291703939437866,
                    0.5060409903526306,
                    -0.6811028122901917,
                    -2.7456135749816895
                ],
                [
                    -0.848515510559082,
                    0.31558874249458313,
                    -0.4247647523880005,
                    -1.712281584739685
                ],
                [
                    1.4901160305669237e-08,
                    0.8026994466781616,
                    0.5963837504386902,
                    2.404099941253662
                ],
                [
                    0.0,
                    0.0,
                    0.0,
                    1.0
                ]
            ]
        },
        {
            "file_path": "train/r_27",
            "rotation": 0.06283185307179587,
            "transform_matrix": [
                [
                    0.839847981929779,
                    -0.5316490530967712,
                    0.10956588387489319,
                    0.44167420268058777
                ],
                [
                    0.5428217649459839,
                    0.8225616216659546,
                    -0.16951914131641388,
                    -0.6833535432815552
                ],
                [
                    0.0,
                    0.20184513926506042,
                    0.9794174432754517,
                    3.948158025741577
                ],
                [
                    0.0,
                    0.0,
                    0.0,
                    1.0
                ]
            ]
        },
        {
            "file_path": "train/r_28",
            "rotation": 0.06283185307179587,
            "transform_matrix": [
                [
                    0.9553161263465881,
                    -0.0709153488278389,
                    0.2869531512260437,
                    1.1567453145980835
                ],
                [
                    0.2955860495567322,
                    0.22919410467147827,
                    -0.927415132522583,
                    -3.738530158996582
                ],
                [
                    -7.450580596923828e-09,
                    0.9707940816879272,
                    0.23991438746452332,
                    0.9671258926391602
                ],
                [
                    0.0,
                    0.0,
                    0.0,
                    1.0
                ]
            ]
        },
        {
            "file_path": "train/r_29",
            "rotation": 0.06283185307179587,
            "transform_matrix": [
                [
                    -0.975499153137207,
                    0.21115870773792267,
                    -0.06175263598561287,
                    -0.2489328384399414
                ],
                [
                    -0.2200031876564026,
                    -0.9362825751304626,
                    0.2738126218318939,
                    1.1037739515304565
                ],
                [
                    3.725290298461914e-09,
                    0.28068995475769043,
                    0.9597985744476318,
                    3.8690717220306396
                ],
                [
                    0.0,
                    0.0,
                    0.0,
                    1.0
                ]
            ]
        },
        {
            "file_path": "train/r_30",
            "rotation": 0.06283185307179587,
            "transform_matrix": [
                [
                    -0.4895351231098175,
                    0.2522406280040741,
                    -0.8347035646438599,
                    -3.364797592163086
                ],
                [
                    -0.871983528137207,
                    -0.14160892367362976,
                    0.46860599517822266,
                    1.8890111446380615
                ],
                [
                    0.0,
                    0.9572468400001526,
                    0.2892722487449646,
                    1.1660937070846558
                ],
                [
                    0.0,
                    0.0,
                    0.0,
                    1.0
                ]
            ]
        },
        {
            "file_path": "train/r_31",
            "rotation": 0.06283185307179587,
            "transform_matrix": [
                [
                    -0.9279969334602356,
                    0.27622151374816895,
                    -0.2500467598438263,
                    -1.0079708099365234
                ],
                [
                    -0.3725878596305847,
                    -0.6879792213439941,
                    0.6227863430976868,
                    2.5105323791503906
                ],
                [
                    1.4901161193847656e-08,
                    0.6711082458496094,
                    0.741359293460846,
                    2.9885151386260986
                ],
                [
                    0.0,
                    0.0,
                    0.0,
                    1.0
                ]
            ]
        },
        {
            "file_path": "train/r_32",
            "rotation": 0.06283185307179587,
            "transform_matrix": [
                [
                    0.9990432262420654,
                    -0.026099739596247673,
                    0.035092007368803024,
                    0.14146040380001068
                ],
                [
                    0.04373380169272423,
                    0.5962154269218445,
                    -0.8016324043273926,
                    -3.2314834594726562
                ],
                [
                    0.0,
                    0.8024002313613892,
                    0.5967863202095032,
                    2.4057226181030273
                ],
                [
                    0.0,
                    0.0,
                    0.0,
                    1.0
                ]
            ]
        },
        {
            "file_path": "train/r_33",
            "rotation": 0.06283185307179587,
            "transform_matrix": [
                [
                    0.9615865349769592,
                    0.05840030312538147,
                    -0.2682179808616638,
                    -1.0812212228775024
                ],
                [
                    -0.2745022475719452,
                    0.20457734167575836,
                    -0.9395725727081299,
                    -3.7875382900238037
                ],
                [
                    -3.725290742551124e-09,
                    0.9771066904067993,
                    0.21274982392787933,
                    0.857621967792511
                ],
                [
                    0.0,
                    0.0,
                    0.0,
                    1.0
                ]
            ]
        },
        {
            "file_path": "train/r_34",
            "rotation": 0.06283185307179587,
            "transform_matrix": [
                [
                    0.8585804104804993,
                    -0.22067607939243317,
                    0.4627544581890106,
                    1.8654229640960693
                ],
                [
                    0.512678861618042,
                    0.3695649802684784,
                    -0.7749722599983215,
                    -3.1240134239196777
                ],
                [
                    0.0,
                    0.9026205539703369,
                    0.4304371774196625,
                    1.7351478338241577
                ],
                [
                    0.0,
                    0.0,
                    0.0,
                    1.0
                ]
            ]
        },
        {
            "file_path": "train/r_35",
            "rotation": 0.06283185307179587,
            "transform_matrix": [
                [
                    -0.6960363388061523,
                    0.6457600593566895,
                    -0.31389039754867554,
                    -1.2653326988220215
                ],
                [
                    -0.718006432056427,
                    -0.6260005831718445,
                    0.30428576469421387,
                    1.2266151905059814
                ],
                [
                    1.4901161193847656e-08,
                    0.43716922402381897,
                    0.8993791937828064,
                    3.6255135536193848
                ],
                [
                    0.0,
                    0.0,
                    0.0,
                    1.0
                ]
            ]
        },
        {
            "file_path": "train/r_36",
            "rotation": 0.06283185307179587,
            "transform_matrix": [
                [
                    0.41830626130104065,
                    0.4199887812137604,
                    -0.8053750991821289,
                    -3.2465713024139404
                ],
                [
                    -0.9083060622215271,
                    0.19341932237148285,
                    -0.37090301513671875,
                    -1.4951579570770264
                ],
                [
                    1.4901161193847656e-08,
                    0.8866782784461975,
                    0.4623868465423584,
                    1.8639411926269531
                ],
                [
                    0.0,
                    0.0,
                    0.0,
                    1.0
                ]
            ]
        },
        {
            "file_path": "train/r_37",
            "rotation": 0.06283185307179587,
            "transform_matrix": [
                [
                    0.36012157797813416,
                    -0.5493848323822021,
                    0.7539818286895752,
                    3.039398193359375
                ],
                [
                    0.9329054355621338,
                    0.2120743840932846,
                    -0.2910532057285309,
                    -1.1732730865478516
                ],
                [
                    -1.4901162970204496e-08,
                    0.8082083463668823,
                    0.5888965725898743,
                    2.373918294906616
                ],
                [
                    0.0,
                    0.0,
                    0.0,
                    1.0
                ]
            ]
        },
        {
            "file_path": "train/r_38",
            "rotation": 0.06283185307179587,
            "transform_matrix": [
                [
                    -0.6285751461982727,
                    -0.7102842330932617,
                    0.3168429136276245,
                    1.2772347927093506
                ],
                [
                    0.7777488231658936,
                    -0.5740504264831543,
                    0.25607186555862427,
                    1.0322588682174683
                ],
                [
                    0.0,
                    0.40738463401794434,
                    0.9132565259933472,
                    3.681455135345459
                ],
                [
                    0.0,
                    0.0,
                    0.0,
                    1.0
                ]
            ]
        },
        {
            "file_path": "train/r_39",
            "rotation": 0.06283185307179587,
            "transform_matrix": [
                [
                    0.9045758247375488,
                    -0.2767527103424072,
                    0.3242693543434143,
                    1.3071717023849487
                ],
                [
                    0.42631298303604126,
                    0.5872301459312439,
                    -0.6880537271499634,
                    -2.7736334800720215
                ],
                [
                    -1.4901162970204496e-08,
                    0.7606370449066162,
                    0.6491773724555969,
                    2.616917848587036
                ],
                [
                    0.0,
                    0.0,
                    0.0,
                    1.0
                ]
            ]
        },
        {
            "file_path": "train/r_40",
            "rotation": 0.06283185307179587,
            "transform_matrix": [
                [
                    0.5056086778640747,
                    0.8153632283210754,
                    -0.28203317523002625,
                    -1.1369121074676514
                ],
                [
                    -0.8627629280090332,
                    0.47783082723617554,
                    -0.16528113186359406,
                    -0.6662695407867432
                ],
                [
                    -1.4901161193847656e-08,
                    0.3268953859806061,
                    0.9450605511665344,
                    3.8096609115600586
                ],
                [
                    0.0,
                    0.0,
                    0.0,
                    1.0
                ]
            ]
        },
        {
            "file_path": "train/r_41",
            "rotation": 0.06283185307179587,
            "transform_matrix": [
                [
                    -0.4550235867500305,
                    -0.36602163314819336,
                    0.8117768168449402,
                    3.2723772525787354
                ],
                [
                    0.890479326248169,
                    -0.18703237175941467,
                    0.41480761766433716,
                    1.6721431016921997
                ],
                [
                    -1.4901159417490817e-08,
                    0.9116177558898926,
                    0.4110388457775116,
                    1.6569507122039795
                ],
                [
                    0.0,
                    0.0,
                    0.0,
                    1.0
                ]
            ]
        },
        {
            "file_path": "train/r_42",
            "rotation": 0.06283185307179587,
            "transform_matrix": [
                [
                    -0.29751139879226685,
                    -0.6700792908668518,
                    0.6800592541694641,
                    2.7414066791534424
                ],
                [
                    0.9547183513641357,
                    -0.20881156623363495,
                    0.21192152798175812,
                    0.8542830944061279
                ],
                [
                    1.4901162970204496e-08,
                    0.7123141884803772,
                    0.7018607258796692,
                    2.829291343688965
                ],
                [
                    0.0,
                    0.0,
                    0.0,
                    1.0
                ]
            ]
        },
        {
            "file_path": "train/r_43",
            "rotation": 0.06283185307179587,
            "transform_matrix": [
                [
                    0.9138774871826172,
                    -0.2656615972518921,
                    0.30700474977493286,
                    1.2375757694244385
                ],
                [
                    0.4059901535511017,
                    0.5980001091957092,
                    -0.691062867641449,
                    -2.7857635021209717
                ],
                [
                    -1.4901161193847656e-08,
                    0.7561876177787781,
                    0.6543548107147217,
                    2.6377885341644287
                ],
                [
                    0.0,
                    0.0,
                    0.0,
                    1.0
                ]
            ]
        },
        {
            "file_path": "train/r_44",
            "rotation": 0.06283185307179587,
            "transform_matrix": [
                [
                    -0.7618687748908997,
                    0.49584728479385376,
                    -0.4167630076408386,
                    -1.680025577545166
                ],
                [
                    -0.6477314233779907,
                    -0.5832209587097168,
                    0.4902012050151825,
                    1.9760644435882568
                ],
                [
                    0.0,
                    0.6434195041656494,
                    0.7655136585235596,
                    3.0858845710754395
                ],
                [
                    0.0,
                    0.0,
                    0.0,
                    1.0
                ]
            ]
        },
        {
            "file_path": "train/r_45",
            "rotation": 0.06283185307179587,
            "transform_matrix": [
                [
                    -0.41557687520980835,
                    -0.8204100131988525,
                    0.39271262288093567,
                    1.5830752849578857
                ],
                [
                    0.9095580577850342,
                    -0.37484514713287354,
