{
    "camera_angle_x": 0.6911112070083618,
    "frames": [
        {
            "file_path": "train/r_0",
            "rotation": 0.06283185307179587,
            "transform_matrix": [
                [
                    0.6021444797515869,
                    -0.5758227705955505,
                    0.5530371069908142,
                    2.2293641567230225
                ],
                [
                    0.7983871102333069,
                    0.4342862069606781,
                    -0.41710126399993896,
                    -1.6813890933990479
                ],
                [
                    1.4901161193847656e-08,
                    0.6926929354667664,
                    0.7212324738502502,
                    2.907381296157837
                ],
                [
                    0.0,
                    0.0,
                    0.0,
                    1.0
                ]
            ]
        },
        {
            "file_path": "train/r_1",
            "rotation": 0.06283185307179587,
            "transform_matrix": [
                [
                    -0.9086437225341797,
                    -0.25289779901504517,
                    0.332279235124588,
                    1.3394606113433838
                ],
                [
                    0.417572557926178,
                    -0.5503091216087341,
                    0.723044216632843,
                    2.914684772491455
                ],
                [
                    0.0,
                    0.7957403063774109,
                    0.6056379079818726,
                    2.4414048194885254
                ],
                [
                    0.0,
                    0.0,
                    0.0,
                    1.0
                ]
            ]
        },
        {
            "file_path": "train/r_2",
            "rotation": 0.06283185307179587,
            "transform_matrix": [
                [
                    0.34619852900505066,
                    0.8408405184745789,
                    -0.4160934388637543,
                    -1.6773264408111572
                ],
                [
                    -0.9381611943244934,
                    0.31028541922569275,
                    -0.1535460352897644,
                    -0.618963897228241
                ],
                [
                    0.0,
                    0.4435202181339264,
                    0.8962643146514893,
                    3.612957239151001
                ],
                [
                    0.0,
                    0.0,
                    0.0,
                    1.0
                ]
            ]
        },
        {
            "file_path": "train/r_3",
            "rotation": 0.06283185307179587,
            "transform_matrix": [
                [
                    0.9245748519897461,
                    -0.1480894684791565,
                    0.3510427176952362,
                    1.4150984287261963
                ],
                [
                    0.38100066781044006,
                    0.3593688905239105,
                    -0.8518758416175842,
                    -3.434021472930908
                ],
                [
                    1.4901162970204496e-08,
                    0.9213704466819763,
                    0.38868555426597595,
                    1.5668416023254395
                ],
                [
                    0.0,
                    0.0,
                    0.0,
                    1.0
                ]
            ]
        },
        {
            "file_path": "train/r_4",
            "rotation": 0.06283185307179587,
            "transform_matrix": [
                [
                    -0.4021519422531128,
                    0.2878020107746124,
                    -0.8691625595092773,
                    -3.503706932067871
                ],
                [
                    -0.9155729413032532,
                    -0.1264127939939499,
                    0.3817668557167053,
                    1.5389516353607178
                ],
                [
                    7.450580596923828e-09,
                    0.9493101239204407,
                    0.31434085965156555,
                    1.2671486139297485
                ],
                [
                    0.0,
                    0.0,
                    0.0,
                    1.0
                ]
            ]
        },
        {
            "file_path": "train/r_5",
            "rotation": 0.06283185307179587,
            "transform_matrix": [
                [
                    0.9850201606750488,
                    -0.12141601741313934,
                    0.12244757264852524,
                    0.4936019778251648
                ],
                [
                    0.17243914306163788,
                    0.6935619711875916,
                    -0.6994544267654419,
                    -2.8195912837982178
                ],
                [
                    -7.450580152834618e-09,
                    0.7100915908813477,
                    0.7041093111038208,
                    2.838355541229248
                ],
                [
                    0.0,
                    0.0,
                    0.0,
                    1.0
                ]
            ]
        },
        {
            "file_path": "train/r_6",
            "rotation": 0.06283185307179587,
            "transform_matrix": [
                [
                    -0.49783554673194885,
                    0.8256023526191711,
                    -0.26559484004974365,
                    -1.0706470012664795
                ],
                [
                    -0.8672714829444885,
                    -0.4739164113998413,
                    0.1524581015110016,
                    0.6145782470703125
                ],
                [
                    1.4901161193847656e-08,
                    0.30624186992645264,
                    0.9519537091255188,
                    3.8374481201171875
                ],
                [
                    0.0,
                    0.0,
                    0.0,
                    1.0
                ]
            ]
        },
        {
            "file_path": "train/r_7",
            "rotation": 0.06283185307179587,
            "transform_matrix": [
                [
                    -0.8504638075828552,
                    0.31170615553855896,
                    -0.4237339496612549,
                    -1.7081263065338135
                ],
                [
                    -0.5260334014892578,
                    -0.5039504766464233,
                    0.6850712895393372,
                    2.761610984802246
                ],
                [
                    1.4901160305669237e-08,
                    0.8055267333984375,
                    0.5925593972206116,
                    2.388683557510376
                ],
                [
                    0.0,
                    0.0,
                    0.0,
                    1.0
                ]
            ]
        },
        {
            "file_path": "train/r_8",
            "rotation": 0.06283185307179587,
            "transform_matrix": [
                [
                    0.8824870586395264,
                    -0.35502803325653076,
                    0.3084990978240967,
                    1.243599772453308
                ],
                [
                    0.4703367352485657,
                    0.6661347150802612,
                    -0.5788331031799316,
                    -2.3333511352539062
                ],
                [
                    1.4901161193847656e-08,
                    0.6559111475944519,
                    0.7548379898071289,
                    3.042849540710449
                ],
                [
                    0.0,
                    0.0,
                    0.0,
                    1.0
                ]
            ]
        },
        {
            "file_path": "train/r_9",
            "rotation": 0.06283185307179587,
            "transform_matrix": [
                [
                    -0.014194801449775696,
                    0.5884295701980591,
                    -0.8084238171577454,
                    -3.2588605880737305
                ],
                [
                    -0.9998992681503296,
                    -0.008353482000529766,
                    0.011476571671664715,
                    0.04626354202628136
                ],
                [
                    4.656612873077393e-10,
                    0.8085052371025085,
                    0.5884889364242554,
                    2.372274875640869
                ],
                [
                    0.0,
                    0.0,
                    0.0,
                    1.0
                ]
            ]
        },
        {
            "file_path": "train/r_10",
            "rotation": 0.06283185307179587,
            "transform_matrix": [
                [
                    0.9375205636024475,
                    -0.18408352136611938,
                    0.29524296522140503,
                    1.1901624202728271
                ],
                [
                    0.34792977571487427,
                    0.49602559208869934,
                    -0.7955523133277893,
                    -3.2069740295410156
                ],
                [
                    1.4901160305669237e-08,
                    0.8485705256462097,
                    0.5290822982788086,
                    2.132798910140991
                ],
                [
                    0.0,
                    0.0,
                    0.0,
                    1.0
                ]
            ]
        },
        {
            "file_path": "train/r_11",
            "rotation": 0.06283185307179587,
            "transform_matrix": [
                [
                    0.7132279872894287,
                    0.48758429288864136,
                    -0.5035547018051147,
                    -2.0298938751220703
                ],
                [
                    -0.7009320855140686,
                    0.4961376190185547,
                    -0.5123881697654724,
                    -2.065502882003784
                ],
                [
                    1.4901161193847656e-08,
                    0.7184072732925415,
                    0.6956227421760559,
                    2.804144859313965
                ],
                [
                    0.0,
                    0.0,
                    0.0,
                    1.0
                ]
            ]
        },
        {
            "file_path": "train/r_12",
            "rotation": 0.06283185307179587,
            "transform_matrix": [
                [
                    -0.7434946894645691,
                    -0.4889293313026428,
                    0.4562494456768036,
                    1.839200496673584
                ],
                [
                    0.6687417030334473,
                    -0.5435826182365417,
                    0.5072497129440308,
                    2.0447893142700195
                ],
                [
                    -1.4901161193847656e-08,
                    0.6822506189346313,
                    0.7311182618141174,
                    2.947232246398926
                ],
                [
                    0.0,
                    0.0,
                    0.0,
                    1.0
                ]
            ]
        },
        {
            "file_path": "train/r_13",
            "rotation": 0.06283185307179587,
            "transform_matrix": [
                [
                    0.41397759318351746,
                    0.8591452836990356,
                    -0.3008188307285309,
                    -1.2126394510269165
                ],
                [
                    -0.910287082195282,
                    0.3907195031642914,
                    -0.1368054747581482,
                    -0.5514805316925049
                ],
                [
                    7.450580596923828e-09,
                    0.33046582341194153,
                    0.9438179135322571,
                    3.8046517372131348
                ],
                [
                    0.0,
                    0.0,
                    0.0,
                    1.0
                ]
            ]
        },
        {
            "file_path": "train/r_14",
            "rotation": 0.06283185307179587,
            "transform_matrix": [
                [
                    -0.8567380905151367,
                    -0.17288857698440552,
                    0.48591071367263794,
                    1.9587688446044922
                ],
                [
                    0.5157515406608582,
                    -0.2871930003166199,
                    0.8071681261062622,
                    3.2537989616394043
                ],
                [
                    1.4901160305669237e-08,
                    0.9421409368515015,
                    0.335216760635376,
                    1.351302146911621
                ],
                [
                    0.0,
                    0.0,
                    0.0,
                    1.0
                ]
            ]
        },
        {
            "file_path": "train/r_15",
            "rotation": 0.06283185307179587,
            "transform_matrix": [
                [
                    0.9453533291816711,
                    -0.2861899435520172,
                    0.15621277689933777,
                    0.6297138333320618
                ],
                [
                    0.32604774832725525,
                    0.8297883868217468,
                    -0.452928364276886,
                    -1.825812578201294
                ],
                [
                    -1.4901159417490817e-08,
                    0.47911033034324646,
                    0.8777547478675842,
                    3.5383424758911133
                ],
                [
                    0.0,
                    0.0,
                    0.0,
                    1.0
                ]
            ]
        },
        {
            "file_path": "train/r_16",
            "rotation": 0.06283185307179587,
            "transform_matrix": [
                [
                    0.8241686820983887,
                    -0.22000963985919952,
                    0.5218636393547058,
                    2.1036996841430664
                ],
                [
                    0.5663442611694336,
                    0.32016751170158386,
                    -0.7594384551048279,
                    -3.061394453048706
                ],
                [
                    0.0,
                    0.9214600324630737,
                    0.388473242521286,
                    1.5659856796264648
                ],
                [
                    0.0,
                    0.0,
                    0.0,
                    1.0
                ]
            ]
        },
        {
            "file_path": "train/r_17",
            "rotation": 0.06283185307179587,
            "transform_matrix": [
                [
                    -0.5714260339736938,
                    0.7893962860107422,
                    -0.22433403134346008,
                    -0.9043194055557251
                ],
                [
                    -0.82065349817276,
                    -0.5496614575386047,
                    0.1562051624059677,
                    0.6296831369400024
                ],
                [
                    0.0,
                    0.2733601927757263,
                    0.9619117379188538,
                    3.8775901794433594
                ],
                [
                    0.0,
                    0.0,
                    0.0,
                    1.0
                ]
            ]
        },
        {
            "file_path": "train/r_18",
            "rotation": 0.06283185307179587,
            "transform_matrix": [
                [
                    0.5920023322105408,
                    -0.5666757225990295,
                    0.5730722546577454,
                    2.3101284503936768
                ],
                [
                    0.8059362173080444,
                    0.4162529706954956,
                    -0.42095160484313965,
                    -1.6969102621078491
                ],
                [
                    2.9802320611338473e-08,
                    0.7110641002655029,
                    0.7031271457672119,
                    2.8343963623046875
                ],
                [
                    0.0,
                    0.0,
                    0.0,
                    1.0
                ]
            ]
        },
        {
            "file_path": "train/r_19",
            "rotation": 0.06283185307179587,
            "transform_matrix": [
                [
                    -0.4758227467536926,
                    -0.8257393836975098,
                    0.3028981387615204,
                    1.2210214138031006
                ],
                [
                    0.8795412182807922,
                    -0.4467165172100067,
                    0.16386477649211884,
                    0.6605600714683533
                ],
                [
                    0.0,
                    0.3443819284439087,
                    0.9388295412063599,
                    3.784543037414551
                ],
                [
                    0.0,
                    0.0,
                    0.0,
                    1.0
                ]
            ]
        },
        {
            "file_path": "train/r_20",
            "rotation": 0.06283185307179587,
            "transform_matrix": [
                [
                    0.9503936767578125,
                    0.08351252973079681,
                    -0.29962867498397827,
                    -1.2078419923782349
                ],
                [
                    -0.31104931235313416,
                    0.25516781210899353,
                    -0.9154985547065735,
                    -3.690492868423462
                ],
                [
                    -7.4505792646561986e-09,
                    0.9632835388183594,
                    0.2684863805770874,
                    1.0823032855987549
                ],
                [
                    0.0,
                    0.0,
                    0.0,
                    1.0
                ]
            ]
        },
        {
            "file_path": "train/r_21",
            "rotation": 0.06283185307179587,
            "transform_matrix": [
                [
                    -0.36099693179130554,
                    0.14213179051876068,
                    -0.9216722846031189,
                    -3.7153797149658203
                ],
                [
                    -0.9325670003890991,
                    -0.05501924827694893,
                    0.3567795753479004,
                    1.4382244348526
                ],
                [
                    3.725290298461914e-09,
                    0.9883174896240234,
                    0.15240918099880219,
                    0.6143810749053955
                ],
                [
                    0.0,
                    0.0,
                    0.0,
                    1.0
                ]
            ]
        },
        {
            "file_path": "train/r_22",
            "rotation": 0.06283185307179587,
            "transform_matrix": [
                [
                    -0.25842222571372986,
                    0.578051745891571,
                    -0.7739986777305603,
                    -3.120088815689087
                ],
                [
                    -0.9660320281982422,
                    -0.1546340435743332,
                    0.207051619887352,
                    0.8346518278121948
                ],
                [
                    7.450580152834618e-09,
                    0.8012144565582275,
                    0.5983772873878479,
                    2.4121363162994385
                ],
                [
                    0.0,
                    0.0,
                    0.0,
                    1.0
                ]
            ]
        },
        {
            "file_path": "train/r_23",
            "rotation": 0.06283185307179587,
            "transform_matrix": [
                [
                    0.6740587949752808,
                    0.5150586366653442,
                    -0.5294895768165588,
                    -2.1344408988952637
                ],
                [
                    -0.7386777400970459,
                    0.4700017273426056,
                    -0.4831702709197998,
                    -1.9477218389511108
                ],
                [
                    0.0,
                    0.7168073654174805,
                    0.6972711086273193,
                    2.8107900619506836
                ],
                [
                    0.0,
                    0.0,
                    0.0,
                    1.0
                ]
            ]
        },
        {
            "file_path": "train/r_24",
            "rotation": 0.06283185307179587,
            "transform_matrix": [
                [
                    0.9199272990226746,
                    -0.340302973985672,
                    0.19475017488002777,
                    0.7850631475448608
                ],
                [
                    0.39208894968032837,
                    0.7984259724617004,
                    -0.45692694187164307,
                    -1.8419315814971924
                ],
                [
                    0.0,
                    0.4966989755630493,
                    0.8679227828979492,
                    3.498708963394165
                ],
                [
                    0.0,
                    0.0,
                    0.0,
                    1.0
                ]
            ]
        },
        {
            "file_path": "train/r_25",
            "rotation": 0.06283185307179587,
            "transform_matrix": [
                [
                    0.3838382959365845,
                    -0.3186649680137634,
                    0.866672158241272,
                    3.4936673641204834
                ],
                [
                    0.9234001636505127,
                    0.13246241211891174,
                    -0.360257625579834,
                    -1.4522451162338257
                ],
                [
                    7.4505797087454084e-09,
                    0.9385661482810974,
                    0.34509944915771484,
                    1.3911404609680176
                ],
                [
                    0.0,
                    0.0,
                    0.0,
                    1.0
                ]
            ]
        },
        {
            "file_path": "train/r_26",
            "rotation": 0.06283185307179587,
            "transform_matrix": [
                [
                    0.9394445419311523,
                    0.07243210077285767,
                    -0.3349590599536896,
                    -1.3502631187438965
                ],
                [
                    -0.3427010178565979,
                    0.1985577493906021,
                    -0.9182215332984924,
                    -3.7014694213867188
                ],
                [
                    0.0,
                    0.9774090647697449,
                    0.211356520652771,
                    0.8520053625106812
                ],
                [
                    0.0,
                    0.0,
                    0.0,
                    1.0
                ]
            ]
        },
        {
            "file_path": "train/r_27",
            "rotation": 0.06283185307179587,
            "transform_matrix": [
                [
                    -0.1901572197675705,
                    0.8753179907798767,
                    -0.44458797574043274,
                    -1.7921916246414185
                ],
                [
                    -0.9817536473274231,
                    -0.16954155266284943,
                    0.0861128568649292,
                    0.3471320569515228
                ],
                [
                    0.0,
                    0.45285093784332275,
                    0.8915862441062927,
                    3.594099283218384
                ],
                [
                    0.0,
                    0.0,
                    0.0,
                    1.0
                ]
            ]
        },
        {
            "file_path": "train/r_28",
            "rotation": 0.06283185307179587,
            "transform_matrix": [
                [
                    -0.29089003801345825,
                    -0.5767897963523865,
                    0.76334547996521,
                    3.0771446228027344
                ],
                [
                    0.9567565321922302,
                    -0.1753658503293991,
                    0.23208580911159515,
                    0.9355679154396057
                ],
                [
                    0.0,
                    0.7978473901748657,
                    0.6028594374656677,
                    2.430204391479492
                ],
                [
                    0.0,
                    0.0,
                    0.0,
                    1.0
                ]
            ]
        },
        {
            "file_path": "train/r_29",
            "rotation": 0.06283185307179587,
            "transform_matrix": [
                [
                    -0.4036791920661926,
                    0.4935666024684906,
                    -0.7703472971916199,
                    -3.1053695678710938
                ],
                [
                    -0.9149006009101868,
                    -0.21777509152889252,
                    0.33989831805229187,
                    1.3701740503311157
                ],
                [
                    0.0,
                    0.84200119972229,
                    0.5394756197929382,
                    2.1746959686279297
                ],
                [
                    0.0,
                    0.0,
                    0.0,
                    1.0
                ]
            ]
        },
        {
            "file_path": "train/r_30",
            "rotation": 0.06283185307179587,
            "transform_matrix": [
                [
                    -0.8487073183059692,
                    0.29207512736320496,
                    -0.44089460372924805,
                    -1.7773029804229736
                ],
                [
                    -0.5288627743721008,
                    -0.4687156677246094,
                    0.707537829875946,
                    2.8521761894226074
                ],
                [
                    0.0,
                    0.8336653113365173,
                    0.5522699952125549,
                    2.226271629333496
                ],
                [
                    0.0,
                    0.0,
                    0.0,
                    1.0
                ]
            ]
        },
        {
            "file_path": "train/r_31",
            "rotation": 0.06283185307179587,
            "transform_matrix": [
                [
                    0.543298065662384,
                    0.40875717997550964,
                    -0.7333107590675354,
                    -2.9560704231262207
                ],
                [
                    -0.8395398855209351,
                    0.2645222544670105,
                    -0.4745531678199768,
                    -1.91298508644104
                ],
                [
                    0.0,
                    0.8734675645828247,
                    0.48688235878944397,
                    1.9626857042312622
                ],
                [
                    0.0,
                    0.0,
                    0.0,
                    1.0
                ]
            ]
        },
        {
            "file_path": "train/r_32",
            "rotation": 0.06283185307179587,
            "transform_matrix": [
                [
                    0.7989789843559265,
                    0.10272520035505295,
                    -0.5925201177597046,
                    -2.3885250091552734
                ],
                [
                    -0.601358950138092,
                    0.13648299872875214,
                    -0.7872354984283447,
                    -3.173447847366333
                ],
                [
                    0.0,
                    0.9853019118309021,
                    0.17082177102565765,
                    0.6886045932769775
                ],
                [
                    0.0,
                    0.0,
                    0.0,
                    1.0
                ]
            ]
        },
        {
            "file_path": "train/r_33",
            "rotation": 0.06283185307179587,
            "transform_matrix": [
                [
                    -0.4950568377971649,
                    0.5833901166915894,
                    -0.6438746452331543,
                    -2.5955417156219482
                ],
                [
                    -0.8688605427742004,
                    -0.3324023187160492,
                    0.36686503887176514,
                    1.4788802862167358
                ],
                [
                    1.4901161193847656e-08,
                    0.7410562634468079,
                    0.6714428067207336,
                    2.706672430038452
                ],
                [
                    0.0,
                    0.0,
                    0.0,
                    1.0
                ]
            ]
        },
        {
            "file_path": "train/r_34",
            "rotation": 0.06283185307179587,
            "transform_matrix": [
                [
                    0.5781838893890381,
                    0.5499172210693359,
                    -0.6027392148971558,
                    -2.4297194480895996
                ],
                [
                    -0.8159065842628479,
                    0.3896932005882263,
                    -0.4271250069141388,
                    -1.721795916557312
                ],
                [
                    -2.9802322387695312e-08,
                    0.7387356758117676,
                    0.673995316028595,
                    2.7169620990753174
                ],
                [
                    0.0,
                    0.0,
                    0.0,
                    1.0
                ]
            ]
        },
        {
            "file_path": "train/r_35",
            "rotation": 0.06283185307179587,
            "transform_matrix": [
                [
                    -0.11600136011838913,
                    0.5332521200180054,
                    -0.8379653096199036,
                    -3.377946138381958
                ],
                [
                    -0.9932490587234497,
                    -0.06227840483188629,
                    0.09786580502986908,
                    0.3945096731185913
                ],
                [
                    7.450580596923828e-09,
                    0.8436607718467712,
                    0.5368764996528625,
                    2.1642184257507324
                ],
                [
                    0.0,
                    0.0,
                    0.0,
                    1.0
                ]
            ]
        },
        {
            "file_path": "train/r_36",
            "rotation": 0.06283185307179587,
            "transform_matrix": [
                [
                    0.9853640794754028,
                    -0.13439935445785522,
                    0.10485446453094482,
                    0.42268186807632446
                ],
                [
                    0.17046304047107697,
                    0.7768974304199219,
                    -0.6061127781867981,
                    -2.4433188438415527
                ],
                [
                    7.450581485102248e-09,
                    0.6151155233383179,
                    0.7884368896484375,
                    3.178290843963623
                ],
                [
                    0.0,
                    0.0,
                    0.0,
                    1.0
                ]
            ]
        },
        {
            "file_path": "train/r_37",
            "rotation": 0.06283185307179587,
            "transform_matrix": [
                [
                    0.9210027456283569,
                    0.38806676864624023,
                    -0.03403037041425705,
                    -0.13718082010746002
                ],
                [
                    -0.38955605030059814,
                    0.9174817800521851,
                    -0.08045586198568344,
                    -0.3243279755115509
                ],
                [
                    0.0,
                    0.08735714852809906,
                    0.996177077293396,
                    4.015718460083008
                ],
                [
                    0.0,
                    0.0,
                    0.0,
                    1.0
                ]
            ]
        },
        {
            "file_path": "train/r_38",
            "rotation": 0.06283185307179587,
            "transform_matrix": [
                [
                    0.833166778087616,
                    0.13317418098449707,
                    -0.536747395992279,
                    -2.1636979579925537
                ],
                [
                    -0.5530217885971069,
                    0.20063640177249908,
                    -0.8086481690406799,
                    -3.259765148162842
                ],
                [
                    7.450580596923828e-09,
                    0.9705718159675598,
                    0.24081182479858398,
                    0.9707435369491577
                ],
                [
                    0.0,
                    0.0,
                    0.0,
                    1.0
                ]
            ]
        },
        {
            "file_path": "train/r_39",
            "rotation": 0.06283185307179587,
            "transform_matrix": [
                [
                    -0.6769159436225891,
                    0.6203938126564026,
                    -0.3961013853549957,
                    -1.5967357158660889
                ],
                [
                    -0.7360602021217346,
                    -0.570543646812439,
                    0.36427366733551025,
                    1.4684340953826904
                ],
                [
                    0.0,
                    0.5381371974945068,
                    0.8428572416305542,
                    3.3976662158966064
                ],
                [
                    0.0,
                    0.0,
                    0.0,
                    1.0
                ]
            ]
        },
        {
            "file_path": "train/r_40",
            "rotation": 0.06283185307179587,
            "transform_matrix": [
                [
                    -0.3954625427722931,
                    0.8154016137123108,
                    -0.4227639436721802,
                    -1.7042160034179688
                ],
                [
                    -0.9184820055961609,
                    -0.35108017921447754,
                    0.18202568590641022,
                    0.7337689995765686
                ],
                [
                    -1.4901160305669237e-08,
                    0.460285484790802,
                    0.88777095079422,
                    3.578719139099121
                ],
                [
                    0.0,
                    0.0,
                    0.0,
                    1.0
                ]
            ]
        },
        {
            "file_path": "train/r_41",
            "rotation": 0.06283185307179587,
            "transform_matrix": [
                [
                    -0.9999150633811951,
                    -0.00973307341337204,
                    0.008659427985548973,
                    0.034907273948192596
                ],
                [
                    0.013027598150074482,
                    -0.7470483183860779,
                    0.6646421551704407,
                    2.6792585849761963
                ],
                [
                    4.656612040410124e-10,
                    0.6646987199783325,
                    0.7471114993095398,
                    3.0117030143737793
                ],
                [
                    0.0,
                    0.0,
                    0.0,
                    1.0
                ]
            ]
        },
        {
            "file_path": "train/r_42",
            "rotation": 0.06283185307179587,
            "transform_matrix": [
                [
                    0.9384310245513916,
                    -0.09101083129644394,
                    0.3332632780075073,
                    1.343427300453186
                ],
                [
                    0.3454669415950775,
                    0.24722303450107574,
                    -0.9052808284759521,
                    -3.649303674697876
                ],
                [
                    0.0,
                    0.9646749496459961,
                    0.2634429633617401,
                    1.0619724988937378
                ],
                [
                    0.0,
                    0.0,
                    0.0,
                    1.0
                ]
            ]
        },
        {
            "file_path": "train/r_43",
            "rotation": 0.06283185307179587,
            "transform_matrix": [
                [
                    -0.3696178197860718,
                    0.8265733122825623,
                    -0.42445141077041626,
                    -1.7110183238983154
                ],
                [
                    -0.929183840751648,
                    -0.32880064845085144,
                    0.16884152591228485,
                    0.6806219220161438
                ],
                [
                    0.0,
                    0.45680028200149536,
                    0.8895692825317383,
                    3.585968255996704
                ],
                [
                    0.0,
                    0.0,
                    0.0,
                    1.0
                ]
            ]
        },
        {
