{
    "camera_angle_x": 0.6911112070083618,
    "frames": [
        {
            "file_path": "train/r_0",
            "rotation": 0.06283185307179587,
            "transform_matrix": [
                [
                    0.8132407665252686,
                    0.343177855014801,
                    -0.46996647119522095,
                    -1.8944954872131348
                ],
                [
                    -0.581927478313446,
                    0.4795893728733063,
                    -0.6567758321762085,
                    -2.647547960281372
                ],
                [
                    1.4901161193847656e-08,
                    0.8076032400131226,
                    0.5897261500358582,
                    2.3772621154785156
                ],
                [
                    0.0,
                    0.0,
                    0.0,
                    1.0
                ]
            ]
        },
        {
            "file_path": "train/r_1",
            "rotation": 0.06283185307179587,
            "transform_matrix": [
                [
                    0.5447471141815186,
                    -0.7751595377922058,
                    0.3199659287929535,
                    1.2898240089416504
                ],
                [
                    0.8386004567146301,
                    0.5035365223884583,
                    -0.20784692466259003,
                    -0.8378578424453735
                ],
                [
                    0.0,
                    0.38154757022857666,
                    0.9243491291999817,
                    3.726170778274536
                ],
                [
                    0.0,
                    0.0,
                    0.0,
                    1.0
                ]
            ]
        },
        {
            "file_path": "train/r_2",
            "rotation": 0.06283185307179587,
            "transform_matrix": [
                [
                    0.6923583149909973,
                    -0.40171992778778076,
                    0.5993838310241699,
                    2.4161934852600098
                ],
                [
                    0.7215537428855896,
                    0.3854655921459198,
                    -0.5751316547393799,
                    -2.318429946899414
                ],
                [
                    0.0,
                    0.8306849598884583,
                    0.556742787361145,
                    2.2443020343780518
                ],
                [
                    0.0,
                    0.0,
                    0.0,
                    1.0
                ]
            ]
        },
        {
            "file_path": "train/r_3",
            "rotation": 0.06283185307179587,
            "transform_matrix": [
                [
                    -0.999901533126831,
                    0.009568744339048862,
                    -0.010269834659993649,
                    -0.0413990318775177
                ],
                [
                    -0.01403675228357315,
                    -0.6816250681877136,
                    0.7315669059753418,
                    2.949040651321411
                ],
                [
                    0.0,
                    0.73163902759552,
                    0.6816921234130859,
                    2.7479891777038574
                ],
                [
                    0.0,
                    0.0,
                    0.0,
                    1.0
                ]
            ]
        },
        {
            "file_path": "train/r_4",
            "rotation": 0.06283185307179587,
            "transform_matrix": [
                [
                    0.633155107498169,
                    -0.39429357647895813,
                    0.666068434715271,
                    2.6850078105926514
                ],
                [
                    0.7740249633789062,
                    0.322533518075943,
                    -0.5448463559150696,
                    -2.196345806121826
                ],
                [
                    1.4901161193847656e-08,
                    0.8605258464813232,
                    0.5094068050384521,
                    2.0534844398498535
                ],
                [
                    0.0,
                    0.0,
                    0.0,
                    1.0
                ]
            ]
        },
        {
            "file_path": "train/r_5",
            "rotation": 0.06283185307179587,
            "transform_matrix": [
                [
                    0.9657872915267944,
                    -0.18908701837062836,
                    0.1774853765964508,
                    0.7154664397239685
                ],
                [
                    0.25933560729026794,
                    0.7041757106781006,
                    -0.6609702706336975,
                    -2.664456367492676
                ],
                [
                    7.450580596923828e-09,
                    0.6843848824501038,
                    0.7291209101676941,
                    2.939180374145508
                ],
                [
                    0.0,
                    0.0,
                    0.0,
                    1.0
                ]
            ]
        },
        {
            "file_path": "train/r_6",
            "rotation": 0.06283185307179587,
            "transform_matrix": [
                [
                    -0.9144776463508606,
                    -0.3627965450286865,
                    0.17919021844863892,
                    0.722338855266571
                ],
                [
                    0.4046361744403839,
                    -0.8199200630187988,
                    0.40496984124183655,
                    1.6324856281280518
                ],
                [
                    0.0,
                    0.4428427517414093,
                    0.896599292755127,
                    3.614307165145874
                ],
                [
                    0.0,
                    0.0,
                    0.0,
                    1.0
                ]
            ]
        },
        {
            "file_path": "train/r_7",
            "rotation": 0.06283185307179587,
            "transform_matrix": [
                [
                    -0.7189317345619202,
                    -0.23996426165103912,
                    0.6523451209068298,
                    2.629687547683716
                ],
                [
                    0.6950806975364685,
                    -0.24819843471050262,
                    0.6747297644615173,
                    2.7199230194091797
                ],
                [
                    1.4901162970204496e-08,
                    0.9385172724723816,
                    0.34523218870162964,
                    1.391675591468811
                ],
                [
                    0.0,
                    0.0,
                    0.0,
                    1.0
                ]
            ]
        },
        {
            "file_path": "train/r_8",
            "rotation": 0.06283185307179587,
            "transform_matrix": [
                [
                    0.5101193189620972,
                    -0.485798716545105,
                    0.709773063659668,
                    2.861186981201172
                ],
                [
                    0.8601035475730896,
                    0.28812265396118164,
                    -0.4209597408771515,
                    -1.6969431638717651
                ],
                [
                    0.0,
                    0.825218141078949,
                    0.564814031124115,
                    2.276838541030884
                ],
                [
                    0.0,
                    0.0,
                    0.0,
                    1.0
                ]
            ]
        },
        {
            "file_path": "train/r_9",
            "rotation": 0.06283185307179587,
            "transform_matrix": [
                [
                    -0.6638050079345703,
                    -0.7082362771034241,
                    0.24034227430820465,
                    0.9688507318496704
                ],
                [
                    0.7479056119918823,
                    -0.6285963654518127,
                    0.21331621706485748,
                    0.8599052429199219
                ],
                [
                    -1.4901158529312397e-08,
                    0.3213537037372589,
                    0.9469591379165649,
                    3.817314624786377
                ],
                [
                    0.0,
                    0.0,
                    0.0,
                    1.0
                ]
            ]
        },
        {
            "file_path": "train/r_10",
            "rotation": 0.06283185307179587,
            "transform_matrix": [
                [
                    0.2943663001060486,
                    -0.8058367967605591,
                    0.5137852430343628,
                    2.0711348056793213
                ],
                [
                    0.955692708492279,
                    0.248208686709404,
                    -0.15825282037258148,
                    -0.637937605381012
                ],
                [
                    -1.4901161193847656e-08,
                    0.5376051664352417,
                    0.8431966304779053,
                    3.3990345001220703
                ],
                [
                    0.0,
                    0.0,
                    0.0,
                    1.0
                ]
            ]
        },
        {
            "file_path": "train/r_11",
            "rotation": 0.06283185307179587,
            "transform_matrix": [
                [
                    0.13437750935554504,
                    0.44661620259284973,
                    -0.8845769762992859,
                    -3.5658440589904785
                ],
                [
                    -0.9909303188323975,
                    0.060564473271369934,
                    -0.11995520442724228,
                    -0.4835549294948578
                ],
                [
                    3.725291186640334e-09,
                    0.8926734328269958,
                    0.4507039785385132,
                    1.8168460130691528
                ],
                [
                    0.0,
                    0.0,
                    0.0,
                    1.0
                ]
            ]
        },
        {
            "file_path": "train/r_12",
            "rotation": 0.06283185307179587,
            "transform_matrix": [
                [
                    0.1685526967048645,
                    0.6299168467521667,
                    -0.7581521272659302,
                    -3.0562093257904053
                ],
                [
                    -0.9856926798820496,
                    0.10771530866622925,
                    -0.12964344024658203,
                    -0.5226094722747803
                ],
                [
                    0.0,
                    0.769156813621521,
                    0.6390600204467773,
                    2.5761334896087646
                ],
                [
                    0.0,
                    0.0,
                    0.0,
                    1.0
                ]
            ]
        },
        {
            "file_path": "train/r_13",
            "rotation": 0.06283185307179587,
            "transform_matrix": [
                [
                    -0.925048291683197,
                    -0.126507967710495,
                    0.3581637144088745,
                    1.4438042640686035
                ],
                [
                    0.37984931468963623,
                    -0.30808523297309875,
                    0.8722372651100159,
                    3.516101121902466
                ],
                [
                    -7.450580152834618e-09,
                    0.9429099559783936,
                    0.33304768800735474,
                    1.3425582647323608
                ],
                [
                    0.0,
                    0.0,
                    0.0,
                    1.0
                ]
            ]
        },
        {
            "file_path": "train/r_14",
            "rotation": 0.06283185307179587,
            "transform_matrix": [
                [
                    -0.7535027861595154,
                    0.5049519538879395,
                    -0.4210190176963806,
                    -1.697182059288025
                ],
                [
                    -0.6574446558952332,
                    -0.5787296891212463,
                    0.48253342509269714,
                    1.9451545476913452
                ],
                [
                    0.0,
                    0.6403870582580566,
                    0.7680522799491882,
                    3.0961179733276367
                ],
                [
                    0.0,
                    0.0,
                    0.0,
                    1.0
                ]
            ]
        },
        {
            "file_path": "train/r_15",
            "rotation": 0.06283185307179587,
            "transform_matrix": [
                [
                    -0.9979466199874878,
                    -0.04480709135532379,
                    0.045768868178129196,
                    0.18450020253658295
                ],
                [
                    0.06405048817396164,
                    -0.698122501373291,
                    0.7131075859069824,
                    2.8746285438537598
                ],
                [
                    0.0,
                    0.7145748138427734,
                    0.6995590329170227,
                    2.8200125694274902
                ],
                [
                    0.0,
                    0.0,
                    0.0,
                    1.0
                ]
            ]
        },
        {
            "file_path": "train/r_16",
            "rotation": 0.06283185307179587,
            "transform_matrix": [
                [
                    0.5437414050102234,
                    -0.46545082330703735,
                    0.6983557939529419,
                    2.815162420272827
                ],
                [
                    0.8392529487609863,
                    0.301559716463089,
                    -0.45245593786239624,
                    -1.8239083290100098
                ],
                [
                    1.4901162970204496e-08,
                    0.8321161270141602,
                    0.5546013712882996,
                    2.2356698513031006
                ],
                [
                    0.0,
                    0.0,
                    0.0,
                    1.0
                ]
            ]
        },
        {
            "file_path": "train/r_17",
            "rotation": 0.06283185307179587,
            "transform_matrix": [
                [
                    0.5163488388061523,
                    -0.7770947813987732,
                    0.3598715364933014,
                    1.4506886005401611
                ],
                [
                    0.8563783168792725,
                    0.4685452878475189,
                    -0.2169826775789261,
                    -0.8746851682662964
                ],
                [
                    -1.4901161193847656e-08,
                    0.4202249348163605,
                    0.9074199199676514,
                    3.6579267978668213
                ],
                [
                    0.0,
                    0.0,
                    0.0,
                    1.0
                ]
            ]
        },
        {
            "file_path": "train/r_18",
            "rotation": 0.06283185307179587,
            "transform_matrix": [
                [
                    -0.6043960452079773,
                    0.3898547887802124,
                    -0.6947795152664185,
                    -2.800745964050293
                ],
                [
                    -0.7966839671134949,
                    -0.29575929045677185,
                    0.5270872712135315,
                    2.1247570514678955
                ],
                [
                    0.0,
                    0.8720893263816833,
                    0.4893467426300049,
                    1.9726200103759766
                ],
                [
                    0.0,
                    0.0,
                    0.0,
                    1.0
                ]
            ]
        },
        {
            "file_path": "train/r_19",
            "rotation": 0.06283185307179587,
            "transform_matrix": [
                [
                    -0.4942907392978668,
                    0.14726296067237854,
                    -0.8567322492599487,
                    -3.4535984992980957
                ],
                [
                    -0.869296669960022,
                    -0.08373518288135529,
                    0.4871464967727661,
                    1.9637504816055298
                ],
                [
                    0.0,
                    0.9855464696884155,
                    0.16940471529960632,
                    0.6828923225402832
                ],
                [
                    0.0,
                    0.0,
                    0.0,
                    1.0
                ]
            ]
        },
        {
            "file_path": "train/r_20",
            "rotation": 0.06283185307179587,
            "transform_matrix": [
                [
                    -0.9809610843658447,
                    -0.09349095821380615,
                    0.1702197939157486,
                    0.6861779689788818
                ],
                [
                    0.1942044049501419,
                    -0.47223949432373047,
                    0.8598105907440186,
                    3.466007709503174
                ],
                [
                    -7.450580596923828e-09,
                    0.876498281955719,
                    0.4814049005508423,
                    1.9406054019927979
                ],
                [
                    0.0,
                    0.0,
                    0.0,
                    1.0
                ]
            ]
        },
        {
            "file_path": "train/r_21",
            "rotation": 0.06283185307179587,
            "transform_matrix": [
                [
                    0.09008574485778809,
                    -0.9731435179710388,
                    0.21183982491493225,
                    0.8539536595344543
                ],
                [
                    0.995934009552002,
                    0.08802426606416702,
                    -0.019161660224199295,
                    -0.07724311947822571
                ],
                [
                    0.0,
                    0.2127048820257187,
                    0.977116584777832,
                    3.938882827758789
                ],
                [
                    0.0,
                    0.0,
                    0.0,
                    1.0
                ]
            ]
        },
        {
            "file_path": "train/r_22",
            "rotation": 0.06283185307179587,
            "transform_matrix": [
                [
                    -0.9544486403465271,
                    0.06334482878446579,
                    -0.2915736734867096,
                    -1.1753711700439453
                ],
                [
                    -0.2983752489089966,
                    -0.20262868702411652,
                    0.9326916337013245,
                    3.759800434112549
                ],
                [
                    0.0,
                    0.9772046804428101,
                    0.2122991979122162,
                    0.855805516242981
                ],
                [
                    0.0,
                    0.0,
                    0.0,
                    1.0
                ]
            ]
        },
        {
            "file_path": "train/r_23",
            "rotation": 0.06283185307179587,
            "transform_matrix": [
                [
                    -0.9199669361114502,
                    -0.23023639619350433,
                    0.31725725531578064,
                    1.278904914855957
                ],
                [
                    0.39199620485305786,
                    -0.540336549282074,
                    0.74456387758255,
                    3.0014328956604004
                ],
                [
                    0.0,
                    0.8093376159667969,
                    0.5873435735702515,
                    2.3676576614379883
                ],
                [
                    0.0,
                    0.0,
                    0.0,
                    1.0
                ]
            ]
        },
        {
            "file_path": "train/r_24",
            "rotation": 0.06283185307179587,
            "transform_matrix": [
                [
                    -0.37730836868286133,
                    0.18347731232643127,
                    -0.9077304005622864,
                    -3.6591782569885254
                ],
                [
                    -0.9260877370834351,
                    -0.07475266605615616,
                    0.3698291778564453,
                    1.4908291101455688
                ],
                [
                    -7.450580596923828e-09,
                    0.9801775813102722,
                    0.1981208771467209,
                    0.7986508011817932
                ],
                [
                    0.0,
                    0.0,
                    0.0,
                    1.0
                ]
            ]
        },
        {
            "file_path": "train/r_25",
            "rotation": 0.06283185307179587,
            "transform_matrix": [
                [
                    -0.32850536704063416,
                    -0.9201419353485107,
                    0.21312695741653442,
                    0.8591422438621521
                ],
                [
                    0.9445021748542786,
                    -0.32003265619277954,
                    0.07412724941968918,
                    0.2988165020942688
                ],
                [
                    -7.450581485102248e-09,
                    0.22564993798732758,
                    0.974208414554596,
                    3.9271597862243652
                ],
                [
                    0.0,
                    0.0,
                    0.0,
                    1.0
                ]
            ]
        },
        {
            "file_path": "train/r_26",
            "rotation": 0.06283185307179587,
            "transform_matrix": [
                [
                    0.9582746028900146,
                    0.28005343675613403,
                    -0.057270437479019165,
                    -0.2308645248413086
                ],
                [
                    -0.28584933280944824,
                    0.938844621181488,
                    -0.19199208915233612,
                    -0.7739448547363281
                ],
                [
                    -3.725290298461914e-09,
                    0.20035186409950256,
                    0.9797239899635315,
                    3.9493937492370605
                ],
                [
                    0.0,
                    0.0,
                    0.0,
                    1.0
                ]
            ]
        },
        {
            "file_path": "train/r_27",
            "rotation": 0.06283185307179587,
            "transform_matrix": [
                [
                    -0.7814304232597351,
                    -0.6200360059738159,
                    0.07015492022037506,
                    0.2828035354614258
                ],
                [
                    0.6239922642707825,
                    -0.7764760255813599,
                    0.08785557001829147,
                    0.35415711998939514
                ],
                [
                    0.0,
                    0.11242952942848206,
                    0.9936597943305969,
                    4.005570411682129
                ],
                [
                    0.0,
                    0.0,
                    0.0,
                    1.0
                ]
            ]
        },
        {
            "file_path": "train/r_28",
            "rotation": 0.06283185307179587,
            "transform_matrix": [
                [
                    0.9526718854904175,
                    0.2518574595451355,
                    -0.1702471524477005,
                    -0.6862882375717163
                ],
                [
                    -0.3040004372596741,
                    0.7892670035362244,
                    -0.5335178971290588,
                    -2.150679349899292
                ],
                [
                    0.0,
                    0.5600226521492004,
                    0.8284772634506226,
                    3.3396987915039062
                ],
                [
                    0.0,
                    0.0,
                    0.0,
                    1.0
                ]
            ]
        },
        {
            "file_path": "train/r_29",
            "rotation": 0.06283185307179587,
            "transform_matrix": [
                [
                    -0.15555940568447113,
                    -0.785166323184967,
                    0.5994288921356201,
                    2.416375160217285
                ],
                [
                    0.9878265261650085,
                    -0.12364520877599716,
                    0.09439593553543091,
                    0.3805221915245056
                ],
                [
                    0.0,
                    0.6068158745765686,
                    0.7948423027992249,
                    3.2041118144989014
                ],
                [
                    0.0,
                    0.0,
                    0.0,
                    1.0
                ]
            ]
        },
        {
            "file_path": "train/r_30",
            "rotation": 0.06283185307179587,
            "transform_matrix": [
                [
                    -0.5137708783149719,
                    0.2215149700641632,
                    -0.8288368582725525,
                    -3.3411483764648438
                ],
                [
                    -0.8579274415969849,
                    -0.13265450298786163,
                    0.4963499903678894,
                    2.0008509159088135
                ],
                [
                    7.450580152834618e-09,
                    0.966092050075531,
                    0.2581977844238281,
                    1.0408287048339844
                ],
                [
                    0.0,
                    0.0,
                    0.0,
                    1.0
                ]
            ]
        },
        {
            "file_path": "train/r_31",
            "rotation": 0.06283185307179587,
            "transform_matrix": [
                [
                    -0.9877517223358154,
                    0.11987709254026413,
                    -0.09988008439540863,
                    -0.4026294946670532
                ],
                [
                    -0.15603381395339966,
                    -0.7588663101196289,
                    0.6322779059410095,
                    2.5487937927246094
                ],
                [
                    7.450580596923828e-09,
                    0.6401182413101196,
                    0.7682763934135437,
                    3.0970211029052734
                ],
                [
                    0.0,
                    0.0,
                    0.0,
                    1.0
                ]
            ]
        },
        {
            "file_path": "train/r_32",
            "rotation": 0.06283185307179587,
            "transform_matrix": [
                [
                    0.45958805084228516,
                    0.1274804174900055,
                    -0.8789355158805847,
                    -3.5431020259857178
                ],
                [
                    -0.8881321549415588,
                    0.06596820056438446,
                    -0.45482903718948364,
                    -1.8334742784500122
                ],
                [
                    -3.7252898543727042e-09,
                    0.9896448254585266,
                    0.14353767037391663,
                    0.5786187648773193
                ],
                [
                    0.0,
                    0.0,
                    0.0,
                    1.0
                ]
            ]
        },
        {
            "file_path": "train/r_33",
            "rotation": 0.06283185307179587,
            "transform_matrix": [
                [
                    -0.7672976851463318,
                    -0.2739381492137909,
                    0.5798379778862,
                    2.337401866912842
                ],
                [
                    0.641291081905365,
                    -0.32776394486427307,
                    0.6937696933746338,
                    2.796675443649292
                ],
                [
                    0.0,
                    0.904172956943512,
                    0.42716652154922485,
                    1.7219634056091309
                ],
                [
                    0.0,
                    0.0,
                    0.0,
                    1.0
                ]
            ]
        },
        {
            "file_path": "train/r_34",
            "rotation": 0.06283185307179587,
            "transform_matrix": [
                [
                    0.8779165148735046,
                    -0.3104231655597687,
                    0.3645545542240143,
                    1.4695665836334229
                ],
                [
                    0.47881370782852173,
                    0.5691683888435364,
                    -0.668419599533081,
                    -2.694485902786255
                ],
                [
                    0.0,
                    0.7613704204559326,
                    0.6483170986175537,
                    2.613450050354004
                ],
                [
                    0.0,
                    0.0,
                    0.0,
                    1.0
                ]
            ]
        },
        {
            "file_path": "train/r_35",
            "rotation": 0.06283185307179587,
            "transform_matrix": [
                [
                    -0.9792374968528748,
                    -0.1810588389635086,
                    0.09116774797439575,
                    0.3675089180469513
                ],
                [
                    0.20271621644496918,
                    -0.8746197819709778,
                    0.4403933584690094,
                    1.7752821445465088
                ],
                [
                    7.450580152834618e-09,
                    0.44973093271255493,
                    0.8931642174720764,
                    3.600459575653076
                ],
                [
                    0.0,
                    0.0,
                    0.0,
                    1.0
                ]
            ]
        },
        {
            "file_path": "train/r_36",
            "rotation": 0.06283185307179587,
            "transform_matrix": [
                [
                    0.7810985445976257,
                    0.09066193550825119,
                    -0.6177907586097717,
                    -2.490394353866577
                ],
                [
                    -0.6244077682495117,
                    0.11341290920972824,
                    -0.7728210687637329,
                    -3.1153416633605957
                ],
                [
                    -7.450580596923828e-09,
                    0.9894027709960938,
                    0.14519666135311127,
                    0.5853065252304077
                ],
                [
                    0.0,
                    0.0,
                    0.0,
                    1.0
                ]
            ]
        },
        {
            "file_path": "train/r_37",
            "rotation": 0.06283185307179587,
            "transform_matrix": [
                [
                    -0.00482367817312479,
                    -0.6325101852416992,
                    0.7745369672775269,
                    3.1222586631774902
                ],
                [
                    0.9999884366989136,
                    -0.003051060950383544,
                    0.0037361604627221823,
                    0.01506094541400671
                ],
                [
                    0.0,
                    0.7745460271835327,
                    0.6325174570083618,
                    2.54975962638855
                ],
                [
                    0.0,
                    0.0,
                    0.0,
                    1.0
                ]
            ]
        },
        {
            "file_path": "train/r_38",
            "rotation": 0.06283185307179587,
            "transform_matrix": [
                [
                    -0.4494592249393463,
                    -0.34332722425460815,
                    0.824689507484436,
                    3.324429988861084
                ],
                [
                    0.8933009505271912,
                    -0.17274311184883118,
                    0.4149377644062042,
                    1.6726677417755127
                ],
                [
                    0.0,
                    0.9231934547424316,
                    0.384335458278656,
                    1.5493059158325195
                ],
                [
                    0.0,
                    0.0,
                    0.0,
                    1.0
                ]
            ]
        },
        {
            "file_path": "train/r_39",
            "rotation": 0.06283185307179587,
            "transform_matrix": [
                [
                    0.07744921743869781,
                    0.15228483080863953,
                    -0.9852973222732544,
                    -3.971860885620117
                ],
                [
                    -0.9969963431358337,
                    0.01182987354695797,
                    -0.07654040306806564,
                    -0.3085442781448364
                ],
                [
                    0.0,
                    0.9882657527923584,
                    0.1527436226606369,
                    0.6157292723655701
                ],
                [
                    0.0,
                    0.0,
                    0.0,
                    1.0
                ]
            ]
        },
        {
            "file_path": "train/r_40",
            "rotation": 0.06283185307179587,
            "transform_matrix": [
                [
                    0.8603506088256836,
                    0.38867679238319397,
                    -0.32973819971084595,
                    -1.3292171955108643
                ],
                [
                    -0.5097028017044067,
                    0.6560652852058411,
                    -0.556580126285553,
                    -2.2436461448669434
                ],
                [
                    0.0,
                    0.6469224691390991,
                    0.762555718421936,
                    3.073960542678833
                ],
                [
                    0.0,
                    0.0,
                    0.0,
                    1.0
                ]
            ]
        },
        {
            "file_path": "train/r_41",
            "rotation": 0.06283185307179587,
            "transform_matrix": [
                [
                    0.9051409959793091,
                    0.07662554085254669,
                    -0.4181486964225769,
                    -1.6856114864349365
                ],
                [
                    -0.4251115918159485,
                    0.16314992308616638,
                    -0.8903157711029053,
                    -3.588977813720703
                ],
                [
                    0.0,
                    0.9836211800575256,
                    0.18024806678295135,
                    0.7266032695770264
                ],
                [
                    0.0,
                    0.0,
                    0.0,
                    1.0
                ]
            ]
        },
        {
            "file_path": "train/r_42",
            "rotation": 0.06283185307179587,
            "transform_matrix": [
                [
                    0.5914666652679443,
                    0.5286777019500732,
                    -0.6088242530822754,
                    -2.454249143600464
                ],
                [
                    -0.8063294291496277,
                    0.3878009021282196,
                    -0.44659075140953064,
                    -1.8002649545669556
                ],
                [
                    2.9802322387695312e-08,
                    0.7550565004348755,
                    0.6556596755981445,
                    2.6430487632751465
                ],
                [
                    0.0,
                    0.0,
                    0.0,
                    1.0
                ]
            ]
        },
        {
            "file_path": "train/r_43",
            "rotation": 0.06283185307179587,
            "transform_matrix": [
                [
                    0.1034601479768753,
                    0.4931868016719818,
                    -0.8637492060661316,
                    -3.481884479522705
                ],
                [
                    -0.994633674621582,
                    0.05130047723650932,
                    -0.08984576165676117,
                    -0.36217984557151794
                ],
                [
                    0.0,
                    0.8684094548225403,
                    0.4958477318286896,
                    1.9988261461257935
                ],
                [
                    0.0,
                    0.0,
                    0.0,
                    1.0
                ]
            ]
        },
        {
            "file_path": "train/r_44",
            "rotation": 0.06283185307179587,
            "transform_matrix": [
                [
                    -0.45224887132644653,
                    0.4471047818660736,
                    -0.7717305421829224,
                    -3.110945701599121
                ],
                [
                    -0.8918918371200562,
                    -0.22671206295490265,
                    0.39131906628608704,
                    1.5774579048156738
                ],
                [
                    1.4901161193847656e-08,
                    0.8652739524841309,
                    0.5012993216514587,
                    2.0208024978637695
                ],
                [
                    0.0,
                    0.0,
                    0.0,
                    1.0
                ]
            ]
        },
        {
            "file_path": "train/r_45",
            "rotation": 0.06283185307179587,
            "transform_matrix": [
                [
                    0.4928636848926544,
                    0.8578559160232544,
                    -0.1454945057630539,
                    -0.5865072011947632
                ],
                [
                    -0.8701065182685852,
                    0.48592445254325867,
                    -0.08241400867700577,
                    -0.33222153782844543
                ],
                [
                    -7.450580152834618e-09,
