{
    "camera_angle_x": 0.6911112070083618,
    "frames": [
        {
            "file_path": "train/r_0",
            "rotation": 0.06283185307179587,
            "transform_matrix": [
                [
                    0.9825118780136108,
                    -0.025295322760939598,
                    0.18447384238243103,
                    0.7436379194259644
                ],
                [
                    0.18620003759860992,
                    0.13347448408603668,
                    -0.97340327501297,
                    -3.9239144325256348
                ],
                [
                    0.0,
                    0.9907293915748596,
                    0.1358502209186554,
                    0.5476298332214355
                ],
                [
                    0.0,
                    0.0,
                    0.0,
                    1.0
                ]
            ]
        },
        {
            "file_path": "train/r_1",
            "rotation": 0.06283185307179587,
            "transform_matrix": [
                [
                    -0.9996477961540222,
                    -0.02071702852845192,
                    0.016582097858190536,
                    0.06684458255767822
                ],
                [
                    0.026536036282777786,
                    -0.7804380655288696,
                    0.6246697306632996,
                    2.518124580383301
                ],
                [
                    0.0,
                    0.6248898506164551,
                    0.7807128429412842,
                    3.1471543312072754
                ],
                [
                    0.0,
                    0.0,
                    0.0,
                    1.0
                ]
            ]
        },
        {
            "file_path": "train/r_2",
            "rotation": 0.06283185307179587,
            "transform_matrix": [
                [
                    0.8061122894287109,
                    -0.5238797068595886,
                    0.27519625425338745,
                    1.109351634979248
                ],
                [
                    0.5917626023292542,
                    0.7136406898498535,
                    -0.37487849593162537,
                    -1.511183500289917
                ],
                [
                    0.0,
                    0.4650449752807617,
                    0.8852869868278503,
                    3.5687060356140137
                ],
                [
                    0.0,
                    0.0,
                    0.0,
                    1.0
                ]
            ]
        },
        {
            "file_path": "train/r_3",
            "rotation": 0.06283185307179587,
            "transform_matrix": [
                [
                    -0.9558826088905334,
                    0.23491448163986206,
                    -0.17636266350746155,
                    -0.7109405398368835
                ],
                [
                    -0.29374924302101135,
                    -0.7644297480583191,
                    0.573897659778595,
                    2.313455104827881
                ],
                [
                    0.0,
                    0.6003851890563965,
                    0.7997111082077026,
                    3.223738193511963
                ],
                [
                    0.0,
                    0.0,
                    0.0,
                    1.0
                ]
            ]
        },
        {
            "file_path": "train/r_4",
            "rotation": 0.06283185307179587,
            "transform_matrix": [
                [
                    -0.6531213521957397,
                    0.24898475408554077,
                    -0.7151496410369873,
                    -2.8828604221343994
                ],
                [
                    -0.757253110408783,
                    -0.21474625170230865,
                    0.6168076395988464,
                    2.486431121826172
                ],
                [
                    0.0,
                    0.9443995952606201,
                    0.32879987359046936,
                    1.325434684753418
                ],
                [
                    0.0,
                    0.0,
                    0.0,
                    1.0
                ]
            ]
        },
        {
            "file_path": "train/r_5",
            "rotation": 0.06283185307179587,
            "transform_matrix": [
                [
                    -0.9991649389266968,
                    -0.030090205371379852,
                    0.027642805129289627,
                    0.11143171787261963
                ],
                [
                    0.040860068053007126,
                    -0.7358058094978333,
                    0.6759587526321411,
                    2.724877119064331
                ],
                [
                    0.0,
                    0.676523745059967,
                    0.736420750617981,
                    2.968607187271118
                ],
                [
                    0.0,
                    0.0,
                    0.0,
                    1.0
                ]
            ]
        },
        {
            "file_path": "train/r_6",
            "rotation": 0.06283185307179587,
            "transform_matrix": [
                [
                    0.994663655757904,
                    0.0973467230796814,
                    -0.03417392075061798,
                    -0.1377594769001007
                ],
                [
                    -0.10317093133926392,
                    0.9385128617286682,
                    -0.329468309879303,
                    -1.3281292915344238
                ],
                [
                    3.725290298461914e-09,
                    0.33123594522476196,
                    0.9435479044914246,
                    3.803563356399536
                ],
                [
                    0.0,
                    0.0,
                    0.0,
                    1.0
                ]
            ]
        },
        {
            "file_path": "train/r_7",
            "rotation": 0.06283185307179587,
            "transform_matrix": [
                [
                    -0.6024177670478821,
                    -0.3255036771297455,
                    0.7287936806678772,
                    2.9378609657287598
                ],
                [
                    0.7981809377670288,
                    -0.2456701099872589,
                    0.5500485897064209,
                    2.2173166275024414
                ],
                [
                    -1.4901161193847656e-08,
                    0.9130681753158569,
                    0.4078068435192108,
                    1.6439217329025269
                ],
                [
                    0.0,
                    0.0,
                    0.0,
                    1.0
                ]
            ]
        },
        {
            "file_path": "train/r_8",
            "rotation": 0.06283185307179587,
            "transform_matrix": [
                [
                    -0.5431641340255737,
                    -0.5057478547096252,
                    0.6702176332473755,
                    2.7017338275909424
                ],
                [
                    0.8396265506744385,
                    -0.32717418670654297,
                    0.43357160687446594,
                    1.7477831840515137
                ],
                [
                    0.0,
                    0.7982329726219177,
                    0.6023486256599426,
                    2.428145170211792
                ],
                [
                    0.0,
                    0.0,
                    0.0,
                    1.0
                ]
            ]
        },
        {
            "file_path": "train/r_9",
            "rotation": 0.06283185307179587,
            "transform_matrix": [
                [
                    0.6227927207946777,
                    0.5928658246994019,
                    -0.5105284452438354,
                    -2.0580060482025146
                ],
                [
                    -0.7823867797851562,
                    0.47193092107772827,
                    -0.4063889980316162,
                    -1.6382064819335938
                ],
                [
                    1.4901159417490817e-08,
                    0.6525269150733948,
                    0.7577655911445618,
                    3.0546507835388184
                ],
                [
                    0.0,
                    0.0,
                    0.0,
                    1.0
                ]
            ]
        },
        {
            "file_path": "train/r_10",
            "rotation": 0.06283185307179587,
            "transform_matrix": [
                [
                    -0.9999516606330872,
                    -0.00577086117118597,
                    0.007958531379699707,
                    0.03208186849951744
                ],
                [
                    0.009830618277192116,
                    -0.5870009064674377,
                    0.8095265626907349,
                    3.263306140899658
                ],
                [
                    0.0,
                    0.8095657825469971,
                    0.5870291590690613,
                    2.3663904666900635
                ],
                [
                    0.0,
                    0.0,
                    0.0,
                    1.0
                ]
            ]
        },
        {
            "file_path": "train/r_11",
            "rotation": 0.06283185307179587,
            "transform_matrix": [
                [
                    -0.8488249182701111,
                    -0.3825557231903076,
                    0.3648935556411743,
                    1.4709330797195435
                ],
                [
                    0.5286740064620972,
                    -0.6142212748527527,
                    0.5858633518218994,
                    2.3616909980773926
                ],
                [
                    0.0,
                    0.6902052164077759,
                    0.7236135601997375,
                    2.9169797897338867
                ],
                [
                    0.0,
                    0.0,
                    0.0,
                    1.0
                ]
            ]
        },
        {
            "file_path": "train/r_12",
            "rotation": 0.06283185307179587,
            "transform_matrix": [
                [
                    0.580622673034668,
                    0.7780814170837402,
                    -0.2397216111421585,
                    -0.9663487672805786
                ],
                [
                    -0.8141727447509766,
                    0.5548844337463379,
                    -0.17095613479614258,
                    -0.6891462802886963
                ],
                [
                    -1.4901161193847656e-08,
                    0.2944357693195343,
                    0.9556711912155151,
                    3.852433919906616
                ],
                [
                    0.0,
                    0.0,
                    0.0,
                    1.0
                ]
            ]
        },
        {
            "file_path": "train/r_13",
            "rotation": 0.06283185307179587,
            "transform_matrix": [
                [
                    0.9471445679664612,
                    0.12831978499889374,
                    -0.2940257787704468,
                    -1.1852558851242065
                ],
                [
                    -0.32080700993537903,
                    0.3788489103317261,
                    -0.8680762052536011,
                    -3.4993271827697754
                ],
                [
                    -7.450580596923828e-09,
                    0.9165191650390625,
                    0.39999061822891235,
                    1.612413763999939
                ],
                [
                    0.0,
                    0.0,
                    0.0,
                    1.0
                ]
            ]
        },
        {
            "file_path": "train/r_14",
            "rotation": 0.06283185307179587,
            "transform_matrix": [
                [
                    -0.7955349683761597,
                    -0.21737292408943176,
                    0.5655732154846191,
                    2.2798988819122314
                ],
                [
                    0.6059077382087708,
                    -0.2854028344154358,
                    0.7425772547721863,
                    2.993424892425537
                ],
                [
                    1.4901161193847656e-08,
                    0.9334315061569214,
                    0.35875579714775085,
                    1.4461909532546997
                ],
                [
                    0.0,
                    0.0,
                    0.0,
                    1.0
                ]
            ]
        },
        {
            "file_path": "train/r_15",
            "rotation": 0.06283185307179587,
            "transform_matrix": [
                [
                    -0.13981732726097107,
                    -0.35465145111083984,
                    0.9244855046272278,
                    3.726720094680786
                ],
                [
                    0.99017733335495,
                    -0.05007832124829292,
                    0.1305413544178009,
                    0.5262290239334106
                ],
                [
                    0.0,
                    0.9336565136909485,
                    0.3581696152687073,
                    1.4438278675079346
                ],
                [
                    0.0,
                    0.0,
                    0.0,
                    1.0
                ]
            ]
        },
        {
            "file_path": "train/r_16",
            "rotation": 0.06283185307179587,
            "transform_matrix": [
                [
                    0.8836835622787476,
                    -0.4679511785507202,
                    0.011183593422174454,
                    0.04508250951766968
                ],
                [
                    0.46808481216430664,
                    0.8834313154220581,
                    -0.02111317776143551,
                    -0.08510994911193848
                ],
                [
                    0.0,
                    0.023892013356089592,
                    0.9997144937515259,
                    4.029978275299072
                ],
                [
                    0.0,
                    0.0,
                    0.0,
                    1.0
                ]
            ]
        },
        {
            "file_path": "train/r_17",
            "rotation": 0.06283185307179587,
            "transform_matrix": [
                [
                    -0.46736520528793335,
                    0.6900657415390015,
                    -0.5526112914085388,
                    -2.227647304534912
                ],
                [
                    -0.8840644359588623,
                    -0.36480677127838135,
                    0.29214078187942505,
                    1.177657127380371
                ],
                [
                    1.4901161193847656e-08,
                    0.6250803470611572,
                    0.7805604338645935,
                    3.1465396881103516
                ],
                [
                    0.0,
                    0.0,
                    0.0,
                    1.0
                ]
            ]
        },
        {
            "file_path": "train/r_18",
            "rotation": 0.06283185307179587,
            "transform_matrix": [
                [
                    -0.9773043394088745,
                    0.14903385937213898,
                    -0.15054979920387268,
                    -0.6068857312202454
                ],
                [
                    -0.21184039115905762,
                    -0.6875527501106262,
                    0.6945464015007019,
                    2.7998063564300537
                ],
                [
                    0.0,
                    0.7106757760047913,
                    0.7035195827484131,
                    2.8359785079956055
                ],
                [
                    0.0,
                    0.0,
                    0.0,
                    1.0
                ]
            ]
        },
        {
            "file_path": "train/r_19",
            "rotation": 0.06283185307179587,
            "transform_matrix": [
                [
                    -0.883557915687561,
                    -0.3128519356250763,
                    0.3484951853752136,
                    1.4048290252685547
                ],
                [
                    0.46832165122032166,
                    -0.5902413725852966,
                    0.6574875712394714,
                    2.6504170894622803
                ],
                [
                    1.4901158529312397e-08,
                    0.7441362738609314,
                    0.6680278182029724,
                    2.692906141281128
                ],
                [
                    0.0,
                    0.0,
                    0.0,
                    1.0
                ]
            ]
        },
        {
            "file_path": "train/r_20",
            "rotation": 0.06283185307179587,
            "transform_matrix": [
                [
                    -0.9082573056221008,
                    -0.386160284280777,
                    0.16108644008636475,
                    0.6493602395057678
                ],
                [
                    0.4184119701385498,
                    -0.8382477760314941,
                    0.3496743440628052,
                    1.4095823764801025
                ],
                [
                    0.0,
                    0.38499486446380615,
                    0.9229187369346619,
                    3.7204043865203857
                ],
                [
                    0.0,
                    0.0,
                    0.0,
                    1.0
                ]
            ]
        },
        {
            "file_path": "train/r_21",
            "rotation": 0.06283185307179587,
            "transform_matrix": [
                [
                    -0.37080901861190796,
                    -0.9114899039268494,
                    0.17800727486610413,
                    0.7175703048706055
                ],
                [
                    0.9287091493606567,
                    -0.363933801651001,
                    0.07107359915971756,
                    0.2865068316459656
                ],
                [
                    0.0,
                    0.1916719675064087,
                    0.9814591407775879,
                    3.956388235092163
                ],
                [
                    0.0,
                    0.0,
                    0.0,
                    1.0
                ]
            ]
        },
        {
            "file_path": "train/r_22",
            "rotation": 0.06283185307179587,
            "transform_matrix": [
                [
                    -0.998677670955658,
                    0.0304512158036232,
                    -0.04141828417778015,
                    -0.16696245968341827
                ],
                [
                    -0.05140768364071846,
                    -0.5915642380714417,
                    0.8046173453330994,
                    3.243516445159912
                ],
                [
                    1.8626448161640496e-09,
                    0.8056827187538147,
                    0.5923473238945007,
                    2.3878285884857178
                ],
                [
                    0.0,
                    0.0,
                    0.0,
                    1.0
                ]
            ]
        },
        {
            "file_path": "train/r_23",
            "rotation": 0.06283185307179587,
            "transform_matrix": [
                [
                    0.6720349192619324,
                    0.5458777546882629,
                    -0.5003862380981445,
                    -2.0171217918395996
                ],
                [
                    -0.7405193448066711,
                    0.49539414048194885,
                    -0.454109787940979,
                    -1.8305752277374268
                ],
                [
                    0.0,
                    0.6757234334945679,
                    0.7371551394462585,
                    2.9715676307678223
                ],
                [
                    0.0,
                    0.0,
                    0.0,
                    1.0
                ]
            ]
        },
        {
            "file_path": "train/r_24",
            "rotation": 0.06283185307179587,
            "transform_matrix": [
                [
                    0.9445337057113647,
                    -0.08601200580596924,
                    0.3169514834880829,
                    1.277672290802002
                ],
                [
                    0.3284148573875427,
                    0.2473737895488739,
                    -0.9115645289421082,
                    -3.6746342182159424
                ],
                [
                    0.0,
                    0.9650948643684387,
                    0.26190048456192017,
                    1.0557546615600586
                ],
                [
                    0.0,
                    0.0,
                    0.0,
                    1.0
                ]
            ]
        },
        {
            "file_path": "train/r_25",
            "rotation": 0.06283185307179587,
            "transform_matrix": [
                [
                    -0.3577079772949219,
                    -0.7828328609466553,
                    0.5091341733932495,
                    2.0523858070373535
                ],
                [
                    0.9338334202766418,
                    -0.2998667061328888,
                    0.19502553343772888,
                    0.7861731052398682
                ],
                [
                    0.0,
                    0.5452088117599487,
                    0.8383002281188965,
                    3.3792965412139893
                ],
                [
                    0.0,
                    0.0,
                    0.0,
                    1.0
                ]
            ]
        },
        {
            "file_path": "train/r_26",
            "rotation": 0.06283185307179587,
            "transform_matrix": [
                [
                    -0.3159753978252411,
                    -0.7486554980278015,
                    0.5828160047531128,
                    2.3494064807891846
                ],
                [
                    0.9487673044204712,
                    -0.24933059513568878,
                    0.1940997689962387,
                    0.7824411988258362
                ],
                [
                    0.0,
                    0.6142876744270325,
                    0.7890822291374207,
                    3.1808922290802
                ],
                [
                    0.0,
                    0.0,
                    0.0,
                    1.0
                ]
            ]
        },
        {
            "file_path": "train/r_27",
            "rotation": 0.06283185307179587,
            "transform_matrix": [
                [
                    0.18838566541671753,
                    0.254808634519577,
                    -0.9484636783599854,
                    -3.8233792781829834
                ],
                [
                    -0.9820951223373413,
                    0.04887744411826134,
                    -0.18193447589874268,
                    -0.733401358127594
                ],
                [
                    3.725290298461914e-09,
                    0.9657554030418396,
                    0.2594541311264038,
                    1.0458930730819702
                ],
                [
                    0.0,
                    0.0,
                    0.0,
                    1.0
                ]
            ]
        },
        {
            "file_path": "train/r_28",
            "rotation": 0.06283185307179587,
            "transform_matrix": [
                [
                    0.8498450517654419,
                    0.14354628324508667,
                    -0.5071073770523071,
                    -2.044215202331543
                ],
                [
                    -0.5270326137542725,
                    0.23146970570087433,
                    -0.8177153468132019,
                    -3.296315908432007
                ],
                [
                    -7.450580152834618e-09,
                    0.962193489074707,
                    0.2723669707775116,
                    1.0979464054107666
                ],
                [
                    0.0,
                    0.0,
                    0.0,
                    1.0
                ]
            ]
        },
        {
            "file_path": "train/r_29",
            "rotation": 0.06283185307179587,
            "transform_matrix": [
                [
                    -0.5360947847366333,
                    0.17694750428199768,
                    -0.8254040479660034,
                    -3.32731032371521
                ],
                [
                    -0.8441577553749084,
                    -0.11237312108278275,
                    0.5241850018501282,
                    2.1130576133728027
                ],
                [
                    0.0,
                    0.9777842164039612,
                    0.20961424708366394,
                    0.8449821472167969
                ],
                [
                    0.0,
                    0.0,
                    0.0,
                    1.0
                ]
            ]
        },
        {
            "file_path": "train/r_30",
            "rotation": 0.06283185307179587,
            "transform_matrix": [
                [
                    -0.2979317307472229,
                    0.9170197248458862,
                    -0.2651633322238922,
                    -1.0689077377319336
                ],
                [
                    -0.9545871615409851,
                    -0.2862067222595215,
                    0.08275888115167618,
                    0.33361175656318665
                ],
                [
                    -7.450580152834618e-09,
                    0.27777811884880066,
                    0.9606451988220215,
                    3.8724849224090576
                ],
                [
                    0.0,
                    0.0,
                    0.0,
                    1.0
                ]
            ]
        },
        {
            "file_path": "train/r_31",
            "rotation": 0.06283185307179587,
            "transform_matrix": [
                [
                    0.7544464468955994,
                    -0.326508492231369,
                    0.5693880319595337,
                    2.2952768802642822
                ],
                [
                    0.6563616991043091,
                    0.37530094385147095,
                    -0.6544756889343262,
                    -2.6382761001586914
                ],
                [
                    0.0,
                    0.8674913048744202,
                    0.49745213985443115,
                    2.005293846130371
                ],
                [
                    0.0,
                    0.0,
                    0.0,
                    1.0
                ]
            ]
        },
        {
            "file_path": "train/r_32",
            "rotation": 0.06283185307179587,
            "transform_matrix": [
                [
                    -0.5944223999977112,
                    0.624720573425293,
                    -0.5063460469245911,
                    -2.0411462783813477
                ],
                [
                    -0.8041530251502991,
                    -0.46178755164146423,
                    0.3742862641811371,
                    1.508796215057373
                ],
                [
                    2.9802322387695312e-08,
                    0.62966388463974,
                    0.776867687702179,
                    3.1316537857055664
                ],
                [
                    0.0,
                    0.0,
                    0.0,
                    1.0
                ]
            ]
        },
        {
            "file_path": "train/r_33",
            "rotation": 0.06283185307179587,
            "transform_matrix": [
                [
                    0.9425321221351624,
                    -0.24656632542610168,
                    0.22547324001789093,
                    0.9089118242263794
                ],
                [
                    0.3341154456138611,
                    0.6955580115318298,
                    -0.6360548734664917,
                    -2.5640194416046143
                ],
                [
                    -1.4901161193847656e-08,
                    0.674836277961731,
                    0.7379673719406128,
                    2.974841833114624
                ],
                [
                    0.0,
                    0.0,
                    0.0,
                    1.0
                ]
            ]
        },
        {
            "file_path": "train/r_34",
            "rotation": 0.06283185307179587,
            "transform_matrix": [
                [
                    0.9831098318099976,
                    0.11373088508844376,
                    -0.143388569355011,
                    -0.5780178904533386
                ],
                [
                    -0.18301638960838318,
                    0.6109285950660706,
                    -0.7702409029006958,
                    -3.10494065284729
                ],
                [
                    0.0,
                    0.7834739685058594,
                    0.6214244961738586,
                    2.505042552947998
                ],
                [
                    0.0,
                    0.0,
                    0.0,
                    1.0
                ]
            ]
        },
        {
            "file_path": "train/r_35",
            "rotation": 0.06283185307179587,
            "transform_matrix": [
                [
                    0.6342977285385132,
                    0.1235189214348793,
                    -0.7631574869155884,
                    -3.0763864517211914
                ],
                [
                    -0.7730888724327087,
                    0.10134381800889969,
                    -0.6261493563652039,
                    -2.5240890979766846
                ],
                [
                    0.0,
                    0.9871536493301392,
                    0.15977326035499573,
                    0.6440666913986206
                ],
                [
                    0.0,
                    0.0,
                    0.0,
                    1.0
                ]
            ]
        },
        {
            "file_path": "train/r_36",
            "rotation": 0.06283185307179587,
            "transform_matrix": [
                [
                    -0.7684248089790344,
                    0.5159308314323425,
                    -0.37860074639320374,
                    -1.5261884927749634
                ],
                [
                    -0.6399399638175964,
                    -0.6195175647735596,
                    0.4546148478984833,
                    1.8326112031936646
                ],
                [
                    1.4901160305669237e-08,
                    0.5916191935539246,
                    0.8062174916267395,
                    3.249966859817505
                ],
                [
                    0.0,
                    0.0,
                    0.0,
                    1.0
                ]
            ]
        },
        {
            "file_path": "train/r_37",
            "rotation": 0.06283185307179587,
            "transform_matrix": [
                [
                    -0.7295379042625427,
                    -0.38608795404434204,
                    0.5645445585250854,
                    2.275752067565918
                ],
                [
                    0.6839404702186584,
                    -0.411827951669693,
                    0.6021820306777954,
                    2.427473545074463
                ],
                [
                    0.0,
                    0.8254295587539673,
                    0.5645051598548889,
                    2.2755932807922363
                ],
                [
                    0.0,
                    0.0,
                    0.0,
                    1.0
                ]
            ]
        },
        {
            "file_path": "train/r_38",
            "rotation": 0.06283185307179587,
            "transform_matrix": [
                [
                    -0.9963588118553162,
                    -0.027748195454478264,
                    0.08061782270669937,
                    0.32498085498809814
                ],
                [
                    0.0852595865726471,
                    -0.3242703974246979,
                    0.9421143531799316,
                    3.7977845668792725
                ],
                [
                    0.0,
                    0.9455573558807373,
                    0.3254554271697998,
                    1.3119529485702515
                ],
                [
                    0.0,
                    0.0,
                    0.0,
                    1.0
                ]
            ]
        },
        {
            "file_path": "train/r_39",
            "rotation": 0.06283185307179587,
            "transform_matrix": [
                [
                    -0.8271346092224121,
                    0.4897443652153015,
                    -0.27567869424819946,
                    -1.1112964153289795
                ],
                [
                    -0.5620037913322449,
                    -0.7207860350608826,
                    0.40573281049728394,
                    1.635561227798462
                ],
                [
                    0.0,
                    0.4905281662940979,
                    0.8714253306388855,
                    3.5128278732299805
                ],
                [
                    0.0,
                    0.0,
                    0.0,
                    1.0
                ]
            ]
        },
        {
            "file_path": "train/r_40",
            "rotation": 0.06283185307179587,
            "transform_matrix": [
                [
                    0.9676378965377808,
                    -0.1248142272233963,
                    0.21931339800357819,
                    0.8840806484222412
                ],
                [
                    0.25234296917915344,
                    0.4786144196987152,
                    -0.8409822583198547,
                    -3.390108108520508
                ],
                [
                    0.0,
                    0.8691084980964661,
                    0.4946213662624359,
                    1.993882656097412
                ],
                [
                    0.0,
                    0.0,
                    0.0,
                    1.0
                ]
            ]
        },
        {
            "file_path": "train/r_41",
            "rotation": 0.06283185307179587,
            "transform_matrix": [
                [
                    0.34018945693969727,
                    -0.9196805953979492,
                    0.196108877658844,
                    0.7905402183532715
                ],
                [
                    0.9403569102287292,
                    0.3327094614505768,
                    -0.07094558328390121,
                    -0.285990834236145
                ],
                [
                    0.0,
                    0.2085472047328949,
                    0.978012204170227,
                    3.942493438720703
                ],
                [
                    0.0,
                    0.0,
                    0.0,
                    1.0
                ]
            ]
        },
        {
            "file_path": "train/r_42",
            "rotation": 0.06283185307179587,
            "transform_matrix": [
                [
                    0.9494490027427673,
                    -0.2777463495731354,
                    0.14629945158958435,
                    0.5897519588470459
                ],
                [
                    0.3139212727546692,
                    0.8400386571884155,
                    -0.4424799680709839,
                    -1.783693790435791
                ],
                [
                    0.0,
                    0.46603867411613464,
                    0.8847643136978149,
                    3.566599130630493
                ],
                [
                    0.0,
                    0.0,
                    0.0,
                    1.0
                ]
            ]
        },
        {
            "file_path": "train/r_43",
            "rotation": 0.06283185307179587,
            "transform_matrix": [
                [
                    0.6264945864677429,
                    -0.2748165726661682,
                    0.7293696999549866,
                    2.940183639526367
                ],
                [
                    0.7794256806373596,
                    0.22089484333992004,
                    -0.5862601399421692,
                    -2.363290548324585
                ],
                [
                    0.0,
                    0.9357784986495972,
                    0.3525884747505188,
                    1.4213297367095947
                ],
                [
                    0.0,
                    0.0,
                    0.0,
                    1.0
                ]
            ]
        },
        {
            "file_path": "train/r_44",
            "rotation": 0.06283185307179587,
            "transform_matrix": [
                [
                    0.4358004331588745,
                    0.8689050674438477,
                    -0.23469571769237518,
                    -0.9460886716842651
                ],
                [
                    -0.9000433683395386,
                    0.4207232892513275,
                    -0.11363951861858368,
                    -0.4580955505371094
                ],
                [
                    0.0,
                    0.26076027750968933,
                    0.9654035568237305,
                    3.8916661739349365
                ],
                [
                    0.0,
                    0.0,
                    0.0,
                    1.0
                ]
            ]
        },
        {
            "file_path": "train/r_45",
            "rotation": 0.06283185307179587,
            "transform_matrix": [
                [
                    -0.6292762756347656,
                    -0.22871798276901245,
                    0.7427646517753601,
                    2.99418044090271
                ],
                [
                    0.7771817445755005,
                    -0.18519066274166107,
                    0.6014090776443481,
                    2.4243578910827637
                ],
                [
                    1.4901162970204496e-08,
                    0.9557157158851624,
                    0.2942914664745331,
                    1.1863269805908203
