{
    "camera_angle_x": 0.6911112070083618,
    "frames": [
        {
            "file_path": "train/r_0",
            "rotation": 0.06283185307179587,
            "transform_matrix": [
                [
                    -0.911624014377594,
                    -0.3035373389720917,
                    0.27713990211486816,
                    1.1171867847442627
                ],
                [
                    0.41102492809295654,
                    -0.6732242107391357,
                    0.6146765947341919,
                    2.4778409004211426
                ],
                [
                    0.0,
                    0.674265444278717,
                    0.7384889125823975,
                    2.9769442081451416
                ],
                [
                    0.0,
                    0.0,
                    0.0,
                    1.0
                ]
            ]
        },
        {
            "file_path": "train/r_1",
            "rotation": 0.06283185307179587,
            "transform_matrix": [
                [
                    0.9934042692184448,
                    -0.11396441608667374,
                    0.012654531747102737,
                    0.051012054085731506
                ],
                [
                    0.11466484516859055,
                    0.9873360991477966,
                    -0.10963313281536102,
                    -0.44194531440734863
                ],
                [
                    0.0,
                    0.11036096513271332,
                    0.9938914775848389,
                    4.006505012512207
                ],
                [
                    0.0,
                    0.0,
                    0.0,
                    1.0
                ]
            ]
        },
        {
            "file_path": "train/r_2",
            "rotation": 0.06283185307179587,
            "transform_matrix": [
                [
                    -0.8015398383140564,
                    0.31694164872169495,
                    -0.5070322751998901,
                    -2.043912649154663
                ],
                [
                    -0.5979412794113159,
                    -0.42486006021499634,
                    0.6796764135360718,
                    2.739863395690918
                ],
                [
                    0.0,
                    0.8479633927345276,
                    0.5300547480583191,
                    2.136719226837158
                ],
                [
                    0.0,
                    0.0,
                    0.0,
                    1.0
                ]
            ]
        },
        {
            "file_path": "train/r_3",
            "rotation": 0.06283185307179587,
            "transform_matrix": [
                [
                    0.9851696491241455,
                    0.040186166763305664,
                    -0.1668112576007843,
                    -0.6724377274513245
                ],
                [
                    -0.1715836077928543,
                    0.23073410987854004,
                    -0.9577686190605164,
                    -3.860888957977295
                ],
                [
                    0.0,
                    0.9721866250038147,
                    0.23420751094818115,
                    0.9441207647323608
                ],
                [
                    0.0,
                    0.0,
                    0.0,
                    1.0
                ]
            ]
        },
        {
            "file_path": "train/r_4",
            "rotation": 0.06283185307179587,
            "transform_matrix": [
                [
                    0.3376416265964508,
                    0.6404528021812439,
                    -0.6897959113121033,
                    -2.780656576156616
                ],
                [
                    -0.9412747621536255,
                    0.22973476350307465,
                    -0.24743445217609406,
                    -0.9974402189254761
                ],
                [
                    1.4901161193847656e-08,
                    0.7328317761421204,
                    0.6804099082946777,
                    2.7428202629089355
                ],
                [
                    0.0,
                    0.0,
                    0.0,
                    1.0
                ]
            ]
        },
        {
            "file_path": "train/r_5",
            "rotation": 0.06283185307179587,
            "transform_matrix": [
                [
                    -0.9679446816444397,
                    -0.055132392793893814,
                    0.24503792822360992,
                    0.9877794981002808
                ],
                [
                    0.25116363167762756,
                    -0.21247147023677826,
                    0.9443371891975403,
                    3.8067450523376465
                ],
                [
                    0.0,
                    0.9756106734275818,
                    0.21950788795948029,
                    0.8848646283149719
                ],
                [
                    0.0,
                    0.0,
                    0.0,
                    1.0
                ]
            ]
        },
        {
            "file_path": "train/r_6",
            "rotation": 0.06283185307179587,
            "transform_matrix": [
                [
                    -0.6798976063728333,
                    -0.7114356160163879,
                    0.17776009440422058,
                    0.7165738344192505
                ],
                [
                    0.7333071231842041,
                    -0.6596190333366394,
                    0.16481314599514008,
                    0.664383053779602
                ],
                [
                    0.0,
                    0.24240875244140625,
                    0.9701741933822632,
                    3.9108972549438477
                ],
                [
                    0.0,
                    0.0,
                    0.0,
                    1.0
                ]
            ]
        },
        {
            "file_path": "train/r_7",
            "rotation": 0.06283185307179587,
            "transform_matrix": [
                [
                    0.8325488567352295,
                    -0.18310797214508057,
                    0.5228133201599121,
                    2.1075282096862793
                ],
                [
                    0.5539515614509583,
                    0.27519795298576355,
                    -0.7857503294944763,
                    -3.1674611568450928
                ],
                [
                    -1.4901161193847656e-08,
                    0.9437888264656067,
                    0.3305487036705017,
                    1.3324846029281616
                ],
                [
                    0.0,
                    0.0,
                    0.0,
                    1.0
                ]
            ]
        },
        {
            "file_path": "train/r_8",
            "rotation": 0.06283185307179587,
            "transform_matrix": [
                [
                    -0.04084405303001404,
                    -0.8721083402633667,
                    0.48760515451431274,
                    1.9655992984771729
                ],
                [
                    0.9991655349731445,
                    -0.035650186240673065,
                    0.019932404160499573,
                    0.08035009354352951
                ],
                [
                    -1.862645149230957e-09,
                    0.4880123734474182,
                    0.872836709022522,
                    3.518517255783081
                ],
                [
                    0.0,
                    0.0,
                    0.0,
                    1.0
                ]
            ]
        },
        {
            "file_path": "train/r_9",
            "rotation": 0.06283185307179587,
            "transform_matrix": [
                [
                    -0.4911705255508423,
                    -0.7716137766838074,
                    0.4041827619075775,
                    1.6293129920959473
                ],
                [
                    0.8710635304450989,
                    -0.43509337306022644,
                    0.22790835797786713,
                    0.9187280535697937
                ],
                [
                    1.4901162970204496e-08,
                    0.4640107750892639,
                    0.8858294486999512,
                    3.5708930492401123
                ],
                [
                    0.0,
                    0.0,
                    0.0,
                    1.0
                ]
            ]
        },
        {
            "file_path": "train/r_10",
            "rotation": 0.06283185307179587,
            "transform_matrix": [
                [
                    -0.6328261494636536,
                    0.3160025477409363,
                    -0.7068758010864258,
                    -2.8495075702667236
                ],
                [
                    -0.7742939591407776,
                    -0.2582671642303467,
                    0.5777257084846497,
                    2.3288867473602295
                ],
                [
                    -1.4901162970204496e-08,
                    0.9129295349121094,
                    0.4081170856952667,
                    1.6451725959777832
                ],
                [
                    0.0,
                    0.0,
                    0.0,
                    1.0
                ]
            ]
        },
        {
            "file_path": "train/r_11",
            "rotation": 0.06283185307179587,
            "transform_matrix": [
                [
                    0.5118556618690491,
                    0.5123686790466309,
                    -0.6895520687103271,
                    -2.7796735763549805
                ],
                [
                    -0.8590714931488037,
                    0.30528169870376587,
                    -0.4108518362045288,
                    -1.6561968326568604
                ],
                [
                    1.4901161193847656e-08,
                    0.8026713728904724,
                    0.596421480178833,
                    2.404252052307129
                ],
                [
                    0.0,
                    0.0,
                    0.0,
                    1.0
                ]
            ]
        },
        {
            "file_path": "train/r_12",
            "rotation": 0.06283185307179587,
            "transform_matrix": [
                [
                    0.8643803596496582,
                    -0.3423554003238678,
                    0.3682926297187805,
                    1.4846348762512207
                ],
                [
                    0.5028386116027832,
                    0.5885093808174133,
                    -0.6330955624580383,
                    -2.5520894527435303
                ],
                [
                    1.4901161193847656e-08,
                    0.7324269413948059,
                    0.6808455586433411,
                    2.7445759773254395
                ],
                [
                    0.0,
                    0.0,
                    0.0,
                    1.0
                ]
            ]
        },
        {
            "file_path": "train/r_13",
            "rotation": 0.06283185307179587,
            "transform_matrix": [
                [
                    -0.18491888046264648,
                    0.9446422457695007,
                    -0.27102771401405334,
                    -1.0925476551055908
                ],
                [
                    -0.9827538132667542,
                    -0.1777476668357849,
                    0.05099765956401825,
                    0.20557814836502075
                ],
                [
                    0.0,
                    0.275783896446228,
                    0.9612196683883667,
                    3.874800443649292
                ],
                [
                    0.0,
                    0.0,
                    0.0,
                    1.0
                ]
            ]
        },
        {
            "file_path": "train/r_14",
            "rotation": 0.06283185307179587,
            "transform_matrix": [
                [
                    0.23626627027988434,
                    -0.3243439495563507,
                    0.915958046913147,
                    3.692345142364502
                ],
                [
                    0.9716883301734924,
                    0.07886431366205215,
                    -0.22271545231342316,
                    -0.897794783115387
                ],
                [
                    7.450580152834618e-09,
                    0.9426459074020386,
                    0.33379417657852173,
                    1.3455674648284912
                ],
                [
                    0.0,
                    0.0,
                    0.0,
                    1.0
                ]
            ]
        },
        {
            "file_path": "train/r_15",
            "rotation": 0.06283185307179587,
            "transform_matrix": [
                [
                    -0.8991018533706665,
                    0.35855045914649963,
                    -0.25111255049705505,
                    -1.0122672319412231
                ],
                [
                    -0.43773967027664185,
                    -0.7364500164985657,
                    0.5157763957977295,
                    2.0791614055633545
                ],
                [
                    2.980232594040899e-08,
                    0.5736575126647949,
                    0.8190951943397522,
                    3.3018786907196045
                ],
                [
                    0.0,
                    0.0,
                    0.0,
                    1.0
                ]
            ]
        },
        {
            "file_path": "train/r_16",
            "rotation": 0.06283185307179587,
            "transform_matrix": [
                [
                    -0.40983763337135315,
                    -0.7371160984039307,
                    0.5373015403747559,
                    2.1659317016601562
                ],
                [
                    0.9121585488319397,
                    -0.3311901390552521,
                    0.24141241610050201,
                    0.9731645584106445
                ],
                [
                    -1.4901161193847656e-08,
                    0.5890439748764038,
                    0.8081009387969971,
                    3.257559061050415
                ],
                [
                    0.0,
                    0.0,
                    0.0,
                    1.0
                ]
            ]
        },
        {
            "file_path": "train/r_17",
            "rotation": 0.06283185307179587,
            "transform_matrix": [
                [
                    -0.9242433309555054,
                    -0.228376567363739,
                    0.30597123503685,
                    1.2334095239639282
                ],
                [
                    0.3818039298057556,
                    -0.5528374314308167,
                    0.7406730055809021,
                    2.985748291015625
                ],
                [
                    -1.4901161193847656e-08,
                    0.8013830780982971,
                    0.5981513261795044,
                    2.4112250804901123
                ],
                [
                    0.0,
                    0.0,
                    0.0,
                    1.0
                ]
            ]
        },
        {
            "file_path": "train/r_18",
            "rotation": 0.06283185307179587,
            "transform_matrix": [
                [
                    0.3344652056694031,
                    -0.6995362043380737,
                    0.6314919590950012,
                    2.5456254482269287
                ],
                [
                    0.9424081444740295,
                    0.24826881289482117,
                    -0.22411957383155823,
                    -0.9034548997879028
                ],
                [
                    -1.4901161193847656e-08,
                    0.6700833439826965,
                    0.7422858476638794,
                    2.9922499656677246
                ],
                [
                    0.0,
                    0.0,
                    0.0,
                    1.0
                ]
            ]
        },
        {
            "file_path": "train/r_19",
            "rotation": 0.06283185307179587,
            "transform_matrix": [
                [
                    -0.9257870316505432,
                    0.3031247556209564,
                    -0.22590667009353638,
                    -0.9106589555740356
                ],
                [
                    -0.37804555892944336,
                    -0.7423152327537537,
                    0.5532175898551941,
                    2.2300915718078613
                ],
                [
                    -1.4901161193847656e-08,
                    0.5975646376609802,
                    0.8018205761909485,
                    3.2322423458099365
                ],
                [
                    0.0,
                    0.0,
                    0.0,
                    1.0
                ]
            ]
        },
        {
            "file_path": "train/r_20",
            "rotation": 0.06283185307179587,
            "transform_matrix": [
                [
                    -0.9397629499435425,
                    -0.269987016916275,
                    0.20964869856834412,
                    0.8451210260391235
                ],
                [
                    0.34182682633399963,
                    -0.7422582507133484,
                    0.5763739943504333,
                    2.3234381675720215
                ],
                [
                    -1.4901161193847656e-08,
                    0.6133186221122742,
                    0.789835512638092,
                    3.183929204940796
                ],
                [
                    0.0,
                    0.0,
                    0.0,
                    1.0
                ]
            ]
        },
        {
            "file_path": "train/r_21",
            "rotation": 0.06283185307179587,
            "transform_matrix": [
                [
                    -0.5496788024902344,
                    0.4228489398956299,
                    -0.720452606678009,
                    -2.9042375087738037
                ],
                [
                    -0.8353761434555054,
                    -0.2782352566719055,
                    0.47405892610549927,
                    1.9109927415847778
                ],
                [
                    -1.4901161193847656e-08,
                    0.8624290823936462,
                    0.5061778426170349,
                    2.040468454360962
                ],
                [
                    0.0,
                    0.0,
                    0.0,
                    1.0
                ]
            ]
        },
        {
            "file_path": "train/r_22",
            "rotation": 0.06283185307179587,
            "transform_matrix": [
                [
                    -0.9908698797225952,
                    -0.0172218419611454,
                    0.13371741771697998,
                    0.5390321612358093
                ],
                [
                    0.13482189178466797,
                    -0.12657147645950317,
                    0.9827526211738586,
                    3.9616024494171143
                ],
                [
                    1.862645371275562e-09,
                    0.9918078780174255,
                    0.12773776054382324,
                    0.5149273872375488
                ],
                [
                    0.0,
                    0.0,
                    0.0,
                    1.0
                ]
            ]
        },
        {
            "file_path": "train/r_23",
            "rotation": 0.06283185307179587,
            "transform_matrix": [
                [
                    -0.8281870484352112,
                    0.24782982468605042,
                    -0.5026793479919434,
                    -2.026365280151367
                ],
                [
                    -0.5604516863822937,
                    -0.36622145771980286,
                    0.7428160309791565,
                    2.994387149810791
                ],
                [
                    0.0,
                    0.8969181776046753,
                    0.4421965479850769,
                    1.7825512886047363
                ],
                [
                    0.0,
                    0.0,
                    0.0,
                    1.0
                ]
            ]
        },
        {
            "file_path": "train/r_24",
            "rotation": 0.06283185307179587,
            "transform_matrix": [
                [
                    -0.3365742266178131,
                    -0.13316327333450317,
                    0.9321938157081604,
                    3.757793426513672
                ],
                [
                    0.9416570067405701,
                    -0.04759623482823372,
                    0.333191841840744,
                    1.3431392908096313
                ],
                [
                    0.0,
                    0.9899505376815796,
                    0.14141377806663513,
                    0.5700571537017822
                ],
                [
                    0.0,
                    0.0,
                    0.0,
                    1.0
                ]
            ]
        },
        {
            "file_path": "train/r_25",
            "rotation": 0.06283185307179587,
            "transform_matrix": [
                [
                    0.9369677901268005,
                    -0.3113653063774109,
                    0.15856501460075378,
                    0.6391960382461548
                ],
                [
                    0.34941551089286804,
                    0.8349350690841675,
                    -0.42519664764404297,
                    -1.7140225172042847
                ],
                [
                    -1.4901160305669237e-08,
                    0.4538007080554962,
                    0.891103208065033,
                    3.5921518802642822
                ],
                [
                    0.0,
                    0.0,
                    0.0,
                    1.0
                ]
            ]
        },
        {
            "file_path": "train/r_26",
            "rotation": 0.06283185307179587,
            "transform_matrix": [
                [
                    0.40267449617385864,
                    -0.14238516986370087,
                    0.9042011499404907,
                    3.644951343536377
                ],
                [
                    0.9153432846069336,
                    0.0626375675201416,
                    -0.397772878408432,
                    -1.6034737825393677
                ],
                [
                    0.0,
                    0.9878274202346802,
                    0.15555386245250702,
                    0.627057671546936
                ],
                [
                    0.0,
                    0.0,
                    0.0,
                    1.0
                ]
            ]
        },
        {
            "file_path": "train/r_27",
            "rotation": 0.06283185307179587,
            "transform_matrix": [
                [
                    -0.7825171947479248,
                    0.6112257838249207,
                    -0.11861603707075119,
                    -0.47815653681755066
                ],
                [
                    -0.622628927230835,
                    -0.7681859135627747,
                    0.14907610416412354,
                    0.600944995880127
                ],
                [
                    -7.4505797087454084e-09,
                    0.1905083805322647,
                    0.9816855788230896,
                    3.957301139831543
                ],
                [
                    0.0,
                    0.0,
                    0.0,
                    1.0
                ]
            ]
        },
        {
            "file_path": "train/r_28",
            "rotation": 0.06283185307179587,
            "transform_matrix": [
                [
                    0.9975770711898804,
                    -0.034780874848365784,
                    0.06025196984410286,
                    0.24288345873355865
                ],
                [
                    0.06957017630338669,
                    0.4987281262874603,
                    -0.8639618754386902,
                    -3.4827418327331543
                ],
                [
                    0.0,
                    0.866060197353363,
                    0.4999394416809082,
                    2.015320301055908
                ],
                [
                    0.0,
                    0.0,
                    0.0,
                    1.0
                ]
            ]
        },
        {
            "file_path": "train/r_29",
            "rotation": 0.06283185307179587,
            "transform_matrix": [
                [
                    -0.5256440043449402,
                    0.8504199981689453,
                    -0.022005416452884674,
                    -0.08870667219161987
                ],
                [
                    -0.8507047295570374,
                    -0.525468111038208,
                    0.013596979901194572,
                    0.054811179637908936
                ],
                [
                    -9.31322685637781e-10,
                    0.025867493823170662,
                    0.9996653199195862,
                    4.02977991104126
                ],
                [
                    0.0,
                    0.0,
                    0.0,
                    1.0
                ]
            ]
        },
        {
            "file_path": "train/r_30",
            "rotation": 0.06283185307179587,
            "transform_matrix": [
                [
                    0.8315146565437317,
                    0.10173500329256058,
                    -0.5461075305938721,
                    -2.201430082321167
                ],
                [
                    -0.5555029511451721,
                    0.15228386223316193,
                    -0.8174508810043335,
                    -3.295250177383423
                ],
                [
                    0.0,
                    0.9830867648124695,
                    0.1831403225660324,
                    0.7382622957229614
                ],
                [
                    0.0,
                    0.0,
                    0.0,
                    1.0
                ]
            ]
        },
        {
            "file_path": "train/r_31",
            "rotation": 0.06283185307179587,
            "transform_matrix": [
                [
                    -0.8994731903076172,
                    -0.3685073256492615,
                    0.23484142124652863,
                    0.9466760754585266
                ],
                [
                    0.4369761347770691,
                    -0.7585367560386658,
                    0.4833984076976776,
                    1.948641300201416
                ],
                [
                    0.0,
                    0.537423849105835,
                    0.8433122634887695,
                    3.3995003700256348
                ],
                [
                    0.0,
                    0.0,
                    0.0,
                    1.0
                ]
            ]
        },
        {
            "file_path": "train/r_32",
            "rotation": 0.06283185307179587,
            "transform_matrix": [
                [
                    0.7535555362701416,
                    0.6303711533546448,
                    -0.18651092052459717,
                    -0.7518495321273804
                ],
                [
                    -0.6573842167854309,
                    0.7225905656814575,
                    -0.21379631757736206,
                    -0.8618404865264893
                ],
                [
                    0.0,
                    0.28371670842170715,
                    0.9589081406593323,
                    3.8654820919036865
                ],
                [
                    0.0,
                    0.0,
                    0.0,
                    1.0
                ]
            ]
        },
        {
            "file_path": "train/r_33",
            "rotation": 0.06283185307179587,
            "transform_matrix": [
                [
                    0.9756790995597839,
                    -0.1373329907655716,
                    0.1708509922027588,
                    0.6887224316596985
                ],
                [
                    0.2192040979862213,
                    0.6112701892852783,
                    -0.7604591846466064,
                    -3.06550931930542
                ],
                [
                    1.4901162970204496e-08,
                    0.7794154286384583,
                    0.6265074014663696,
                    2.5255322456359863
                ],
                [
                    0.0,
                    0.0,
                    0.0,
                    1.0
                ]
            ]
        },
        {
            "file_path": "train/r_34",
            "rotation": 0.06283185307179587,
            "transform_matrix": [
                [
                    -0.9928451776504517,
                    0.06522362679243088,
                    -0.10002194344997406,
                    -0.4032013714313507
                ],
                [
                    -0.11940900981426239,
                    -0.5423122048377991,
                    0.8316482901573181,
                    3.3524818420410156
                ],
                [
                    -3.725290298461914e-09,
                    0.8376415371894836,
                    0.5462202429771423,
                    2.2018845081329346
                ],
                [
                    0.0,
                    0.0,
                    0.0,
                    1.0
                ]
            ]
        },
        {
            "file_path": "train/r_35",
            "rotation": 0.06283185307179587,
            "transform_matrix": [
                [
                    -0.9621245861053467,
                    0.24487419426441193,
                    -0.11980389058589935,
                    -0.48294496536254883
                ],
                [
                    -0.27261024713516235,
                    -0.864235520362854,
                    0.42282435297966003,
                    1.704459547996521
                ],
                [
                    0.0,
                    0.439469575881958,
                    0.8982574939727783,
                    3.6209919452667236
                ],
                [
                    0.0,
                    0.0,
                    0.0,
                    1.0
                ]
            ]
        },
        {
            "file_path": "train/r_36",
            "rotation": 0.06283185307179587,
            "transform_matrix": [
                [
                    0.9802239537239075,
                    0.05287007614970207,
                    -0.1906985193490982,
                    -0.7687303423881531
                ],
                [
                    -0.19789183139801025,
                    0.26188305020332336,
                    -0.944593071937561,
                    -3.80777645111084
                ],
                [
                    0.0,
                    0.9636503458023071,
                    0.26716652512550354,
                    1.0769827365875244
                ],
                [
                    0.0,
                    0.0,
                    0.0,
                    1.0
                ]
            ]
        },
        {
            "file_path": "train/r_37",
            "rotation": 0.06283185307179587,
            "transform_matrix": [
                [
                    0.5080184936523438,
                    -0.5596241354942322,
                    0.654780924320221,
                    2.6395063400268555
                ],
                [
                    0.8613461852073669,
                    0.3300640285015106,
                    -0.3861871063709259,
                    -1.5567699670791626
                ],
                [
                    0.0,
                    0.7601832747459412,
                    0.6497086882591248,
                    2.6190595626831055
                ],
                [
                    0.0,
                    0.0,
                    0.0,
                    1.0
                ]
            ]
        },
        {
            "file_path": "train/r_38",
            "rotation": 0.06283185307179587,
            "transform_matrix": [
                [
                    -0.9332888126373291,
                    0.2610837519168854,
                    -0.24659141898155212,
                    -0.9940418004989624
                ],
                [
                    -0.3591268062591553,
                    -0.6784972548484802,
                    0.6408349871635437,
                    2.5832884311676025
                ],
                [
                    1.4901161193847656e-08,
                    0.6866416931152344,
                    0.7269960045814514,
                    2.930614709854126
                ],
                [
                    0.0,
                    0.0,
                    0.0,
                    1.0
                ]
            ]
        },
        {
            "file_path": "train/r_39",
            "rotation": 0.06283185307179587,
            "transform_matrix": [
                [
                    0.9904996752738953,
                    -0.04896368086338043,
                    0.12850292026996613,
                    0.5180119276046753
                ],
                [
                    0.13751524686813354,
                    0.3526773154735565,
                    -0.9255852699279785,
                    -3.731153964996338
                ],
                [
                    -3.725290298461914e-09,
                    0.9344630837440491,
                    0.3560599684715271,
                    1.435323715209961
                ],
                [
                    0.0,
                    0.0,
                    0.0,
                    1.0
                ]
            ]
        },
        {
            "file_path": "train/r_40",
            "rotation": 0.06283185307179587,
            "transform_matrix": [
                [
                    -0.7593011856079102,
                    -0.48228365182876587,
                    0.4368802011013031,
                    1.7611205577850342
                ],
                [
                    0.6507394909858704,
                    -0.5627421140670776,
                    0.5097640752792358,
                    2.054924964904785
                ],
                [
                    0.0,
                    0.671359658241272,
                    0.741131603717804,
                    2.9875972270965576
                ],
                [
                    0.0,
                    0.0,
                    0.0,
                    1.0
                ]
            ]
        },
        {
            "file_path": "train/r_41",
            "rotation": 0.06283185307179587,
            "transform_matrix": [
                [
                    0.97565096616745,
                    -0.20618638396263123,
                    0.07478145509958267,
                    0.30145370960235596
                ],
                [
                    0.21932871639728546,
                    0.9171892404556274,
                    -0.33265408873558044,
                    -1.34097158908844
                ],
                [
                    -7.450580152834618e-09,
                    0.3409561216831207,
                    0.9400791525840759,
                    3.7895805835723877
                ],
                [
                    0.0,
                    0.0,
                    0.0,
                    1.0
                ]
            ]
        },
        {
            "file_path": "train/r_42",
            "rotation": 0.06283185307179587,
            "transform_matrix": [
                [
                    -0.9138635396957397,
                    0.15273885428905487,
                    -0.37619727849960327,
                    -1.5164997577667236
                ],
                [
                    -0.4060216248035431,
                    -0.34378087520599365,
                    0.8467355966567993,
                    3.4133002758026123
                ],
                [
                    0.0,
                    0.9265449047088623,
                    0.3761840760707855,
                    1.5164464712142944
                ],
                [
                    0.0,
                    0.0,
                    0.0,
                    1.0
                ]
            ]
        },
        {
            "file_path": "train/r_43",
            "rotation": 0.06283185307179587,
            "transform_matrix": [
                [
                    0.9465750455856323,
                    0.20877963304519653,
                    -0.24577783048152924,
                    -0.9907621145248413
                ],
                [
                    -0.3224835991859436,
                    0.6128236651420593,
                    -0.7214232087135315,
                    -2.9081499576568604
                ],
                [
                    0.0,
                    0.7621404528617859,
                    0.6474116444587708,
                    2.609799861907959
                ],
                [
                    0.0,
                    0.0,
                    0.0,
                    1.0
                ]
            ]
        },
        {
            "file_path": "train/r_44",
            "rotation": 0.06283185307179587,
            "transform_matrix": [
                [
                    -0.8742073774337769,
                    -0.09192635118961334,
                    0.4767715632915497,
                    1.921927809715271
                ],
                [
                    0.48555293679237366,
                    -0.16550758481025696,
                    0.8583970665931702,
                    3.4603095054626465
                ],
                [
                    0.0,
                    0.981914758682251,
                    0.1893230378627777,
                    0.7631856203079224
                ],
                [
                    0.0,
                    0.0,
                    0.0,
                    1.0
                ]
            ]
        },
        {
            "file_path": "train/r_45",
            "rotation": 0.06283185307179587,
            "transform_matrix": [
                [
                    0.6870565414428711,
                    0.31631574034690857,
                    -0.6541388630867004,
                    -2.636918306350708
                ],
                [
                    -0.7266040444374084,
                    0.2990993559360504,
                    -0.6185354590415955,
                    -2.493396520614624
