{
    "camera_angle_x": 0.6911112070083618,
    "frames": [
        {
            "file_path": "train/r_0",
            "rotation": 0.06283185307179587,
            "transform_matrix": [
                [
                    -0.9983675479888916,
                    0.03427664935588837,
                    -0.04568922519683838,
                    -0.1841791570186615
                ],
                [
                    -0.05711738020181656,
                    -0.599129319190979,
                    0.7986122965812683,
                    3.219309091567993
                ],
                [
                    0.0,
                    0.7999182343482971,
                    0.6001090407371521,
                    2.419116973876953
                ],
                [
                    0.0,
                    0.0,
                    0.0,
                    1.0
                ]
            ]
        },
        {
            "file_path": "train/r_1",
            "rotation": 0.06283185307179587,
            "transform_matrix": [
                [
                    0.18667921423912048,
                    -0.8789960145950317,
                    0.43876731395721436,
                    1.7687276601791382
                ],
                [
                    0.9824209213256836,
                    0.16702646017074585,
                    -0.08337438106536865,
                    -0.33609288930892944
                ],
                [
                    0.0,
                    0.44661855697631836,
                    0.8947245478630066,
                    3.606750011444092
                ],
                [
                    0.0,
                    0.0,
                    0.0,
                    1.0
                ]
            ]
        },
        {
            "file_path": "train/r_2",
            "rotation": 0.06283185307179587,
            "transform_matrix": [
                [
                    0.09850379824638367,
                    -0.8488267064094543,
                    0.5194133520126343,
                    2.093822479248047
                ],
                [
                    0.9951366782188416,
                    0.08402128517627716,
                    -0.05141424015164375,
                    -0.2072574496269226
                ],
                [
                    0.0,
                    0.5219519138336182,
                    0.8529748320579529,
                    3.4384517669677734
                ],
                [
                    0.0,
                    0.0,
                    0.0,
                    1.0
                ]
            ]
        },
        {
            "file_path": "train/r_3",
            "rotation": 0.06283185307179587,
            "transform_matrix": [
                [
                    0.8510459661483765,
                    0.35384058952331543,
                    -0.38796597719192505,
                    -1.5639408826828003
                ],
                [
                    -0.5250912308692932,
                    0.5734899640083313,
                    -0.6287990212440491,
                    -2.5347700119018555
                ],
                [
                    -1.4901162970204496e-08,
                    0.7388543486595154,
                    0.673865020275116,
                    2.7164368629455566
                ],
                [
                    0.0,
                    0.0,
                    0.0,
                    1.0
                ]
            ]
        },
        {
            "file_path": "train/r_4",
            "rotation": 0.06283185307179587,
            "transform_matrix": [
                [
                    -0.4788776636123657,
                    -0.5488520264625549,
                    0.6851552128791809,
                    2.761949062347412
                ],
                [
                    0.877881646156311,
                    -0.29939454793930054,
                    0.3737469017505646,
                    1.5066219568252563
                ],
                [
                    0.0,
                    0.7804642915725708,
                    0.6252003908157349,
                    2.520263433456421
                ],
                [
                    0.0,
                    0.0,
                    0.0,
                    1.0
                ]
            ]
        },
        {
            "file_path": "train/r_5",
            "rotation": 0.06283185307179587,
            "transform_matrix": [
                [
                    0.7976287007331848,
                    -0.4595077931880951,
                    0.39069318771362305,
                    1.574934720993042
                ],
                [
                    0.6031489372253418,
                    0.6076717972755432,
                    -0.5166684985160828,
                    -2.0827574729919434
                ],
                [
                    -1.4901162970204496e-08,
                    0.6477557420730591,
                    0.761847972869873,
                    3.0711076259613037
                ],
                [
                    0.0,
                    0.0,
                    0.0,
                    1.0
                ]
            ]
        },
        {
            "file_path": "train/r_6",
            "rotation": 0.06283185307179587,
            "transform_matrix": [
                [
                    -0.7162991762161255,
                    0.6975752711296082,
                    -0.01744130253791809,
                    -0.0703081488609314
                ],
                [
                    -0.6977933049201965,
                    -0.7160753607749939,
                    0.017903856933116913,
                    0.07217276096343994
                ],
                [
                    9.313225746154785e-10,
                    0.024996090680360794,
                    0.9996875524520874,
                    4.029869556427002
                ],
                [
                    0.0,
                    0.0,
                    0.0,
                    1.0
                ]
            ]
        },
        {
            "file_path": "train/r_7",
            "rotation": 0.06283185307179587,
            "transform_matrix": [
                [
                    -0.17546455562114716,
                    0.2638857066631317,
                    -0.9484599828720093,
                    -3.823364734649658
                ],
                [
                    -0.9844858050346375,
                    -0.04703225940465927,
                    0.16904368996620178,
                    0.6814369559288025
                ],
                [
                    3.725290742551124e-09,
                    0.963406503200531,
                    0.26804420351982117,
                    1.0805208683013916
                ],
                [
                    0.0,
                    0.0,
                    0.0,
                    1.0
                ]
            ]
        },
        {
            "file_path": "train/r_8",
            "rotation": 0.06283185307179587,
            "transform_matrix": [
                [
                    -0.8662251234054565,
                    0.28509071469306946,
                    -0.4103381037712097,
                    -1.6541258096694946
                ],
                [
                    -0.49965396523475647,
                    -0.49424752593040466,
                    0.7113826274871826,
                    2.8676750659942627
                ],
                [
                    0.0,
                    0.8212445378303528,
                    0.5705763697624207,
                    2.3000669479370117
                ],
                [
                    0.0,
                    0.0,
                    0.0,
                    1.0
                ]
            ]
        },
        {
            "file_path": "train/r_9",
            "rotation": 0.06283185307179587,
            "transform_matrix": [
                [
                    -0.6224254369735718,
                    -0.40041598677635193,
                    0.6724979281425476,
                    2.710926055908203
                ],
                [
                    0.78267902135849,
                    -0.3184308111667633,
                    0.5348039269447327,
                    2.1558637619018555
                ],
                [
                    1.4901160305669237e-08,
                    0.8592256903648376,
                    0.5115966200828552,
                    2.062312126159668
                ],
                [
                    0.0,
                    0.0,
                    0.0,
                    1.0
                ]
            ]
        },
        {
            "file_path": "train/r_10",
            "rotation": 0.06283185307179587,
            "transform_matrix": [
                [
                    -0.9951221346855164,
                    -0.06861046701669693,
                    0.0708828866481781,
                    0.285738080739975
                ],
                [
                    0.098649762570858,
                    -0.6921029090881348,
                    0.7150257229804993,
                    2.8823611736297607
                ],
                [
                    7.4505792646561986e-09,
                    0.7185306549072266,
                    0.6954952478408813,
                    2.80363130569458
                ],
                [
                    0.0,
                    0.0,
                    0.0,
                    1.0
                ]
            ]
        },
        {
            "file_path": "train/r_11",
            "rotation": 0.06283185307179587,
            "transform_matrix": [
                [
                    -0.9727383255958557,
                    -0.19321006536483765,
                    0.12825708091259003,
                    0.5170208215713501
                ],
                [
                    0.23190511763095856,
                    -0.8104298114776611,
                    0.5379810929298401,
                    2.168671131134033
                ],
                [
                    0.0,
                    0.5530583262443542,
                    0.8331425189971924,
                    3.3585050106048584
                ],
                [
                    0.0,
                    0.0,
                    0.0,
                    1.0
                ]
            ]
        },
        {
            "file_path": "train/r_12",
            "rotation": 0.06283185307179587,
            "transform_matrix": [
                [
                    -0.7384663820266724,
                    0.264062762260437,
                    -0.6204338669776917,
                    -2.5010488033294678
                ],
                [
                    -0.6742902398109436,
                    -0.28919517993927,
                    0.6794842481613159,
                    2.739088535308838
                ],
                [
                    1.4901159417490817e-08,
                    0.9201288223266602,
                    0.3916158676147461,
                    1.5786540508270264
                ],
                [
                    0.0,
                    0.0,
                    0.0,
                    1.0
                ]
            ]
        },
        {
            "file_path": "train/r_13",
            "rotation": 0.06283185307179587,
            "transform_matrix": [
                [
                    0.9176880717277527,
                    -0.3790258765220642,
                    0.11911296844482422,
                    0.4801597595214844
                ],
                [
                    0.39730149507522583,
                    0.8754749894142151,
                    -0.27512744069099426,
                    -1.109074354171753
                ],
                [
                    -7.450580152834618e-09,
                    0.29980480670928955,
                    0.9540004730224609,
                    3.8456990718841553
                ],
                [
                    0.0,
                    0.0,
                    0.0,
                    1.0
                ]
            ]
        },
        {
            "file_path": "train/r_14",
            "rotation": 0.06283185307179587,
            "transform_matrix": [
                [
                    0.7927966117858887,
                    0.1184769719839096,
                    -0.5978602170944214,
                    -2.4100518226623535
                ],
                [
                    -0.60948646068573,
                    0.15411028265953064,
                    -0.777673602104187,
                    -3.1349027156829834
                ],
                [
                    0.0,
                    0.9809246063232422,
                    0.19438821077346802,
                    0.7836040258407593
                ],
                [
                    0.0,
                    0.0,
                    0.0,
                    1.0
                ]
            ]
        },
        {
            "file_path": "train/r_15",
            "rotation": 0.06283185307179587,
            "transform_matrix": [
                [
                    0.07818392664194107,
                    0.5863673686981201,
                    -0.8062633275985718,
                    -3.2501513957977295
                ],
                [
                    -0.9969388842582703,
                    0.04598526656627655,
                    -0.06323038786649704,
                    -0.2548898458480835
                ],
                [
                    0.0,
                    0.8087390065193176,
                    0.5881677269935608,
                    2.3709800243377686
                ],
                [
                    0.0,
                    0.0,
                    0.0,
                    1.0
                ]
            ]
        },
        {
            "file_path": "train/r_16",
            "rotation": 0.06283185307179587,
            "transform_matrix": [
                [
                    0.19305472075939178,
                    0.8725708723068237,
                    -0.4487203359603882,
                    -1.808849573135376
                ],
                [
                    -0.9811879992485046,
                    0.1716836392879486,
                    -0.08828845620155334,
                    -0.35590216517448425
                ],
                [
                    0.0,
                    0.45732349157333374,
                    0.8893004059791565,
                    3.5848846435546875
                ],
                [
                    0.0,
                    0.0,
                    0.0,
                    1.0
                ]
            ]
        },
        {
            "file_path": "train/r_17",
            "rotation": 0.06283185307179587,
            "transform_matrix": [
                [
                    0.809613049030304,
                    0.3655730187892914,
                    -0.4592200815677643,
                    -1.851175308227539
                ],
                [
                    -0.586963951587677,
                    0.5042433142662048,
                    -0.6334128975868225,
                    -2.5533690452575684
                ],
                [
                    -1.4901161193847656e-08,
                    0.7823649644851685,
                    0.6228201985359192,
                    2.5106685161590576
                ],
                [
                    0.0,
                    0.0,
                    0.0,
                    1.0
                ]
            ]
        },
        {
            "file_path": "train/r_18",
            "rotation": 0.06283185307179587,
            "transform_matrix": [
                [
                    -0.9942046403884888,
                    0.10734967887401581,
                    -0.005761734675616026,
                    -0.023226294666528702
                ],
                [
                    -0.10750419646501541,
                    -0.9927756786346436,
                    0.05328483507037163,
                    0.21479803323745728
                ],
                [
                    0.0,
                    0.05359535664319992,
                    0.9985626339912415,
                    4.02533483505249
                ],
                [
                    0.0,
                    0.0,
                    0.0,
                    1.0
                ]
            ]
        },
        {
            "file_path": "train/r_19",
            "rotation": 0.06283185307179587,
            "transform_matrix": [
                [
                    0.7723544239997864,
                    0.5882641077041626,
                    -0.23961223661899567,
                    -0.965907871723175
                ],
                [
                    -0.6351918578147888,
                    0.7152931690216064,
                    -0.29135382175445557,
                    -1.1744849681854248
                ],
                [
                    0.0,
                    0.37722814083099365,
                    0.9261202812194824,
                    3.7333104610443115
                ],
                [
                    0.0,
                    0.0,
                    0.0,
                    1.0
                ]
            ]
        },
        {
            "file_path": "train/r_20",
            "rotation": 0.06283185307179587,
            "transform_matrix": [
                [
                    -0.890373170375824,
                    0.4470200836658478,
                    -0.08607396483421326,
                    -0.34697526693344116
                ],
                [
                    -0.4552314281463623,
                    -0.8743128776550293,
                    0.16834942996501923,
                    0.6786383390426636
                ],
                [
                    0.0,
                    0.18907713890075684,
                    0.9819621443748474,
                    3.958416223526001
                ],
                [
                    0.0,
                    0.0,
                    0.0,
                    1.0
                ]
            ]
        },
        {
            "file_path": "train/r_21",
            "rotation": 0.06283185307179587,
            "transform_matrix": [
                [
                    0.14327220618724823,
                    0.5042127966880798,
                    -0.8516116738319397,
                    -3.4329564571380615
                ],
                [
                    -0.9896833896636963,
                    0.0729927197098732,
                    -0.12328415364027023,
                    -0.49697431921958923
                ],
                [
                    0.0,
                    0.8604889512062073,
                    0.5094689130783081,
                    2.05373477935791
                ],
                [
                    0.0,
                    0.0,
                    0.0,
                    1.0
                ]
            ]
        },
        {
            "file_path": "train/r_22",
            "rotation": 0.06283185307179587,
            "transform_matrix": [
                [
                    -0.6911410093307495,
                    0.31257545948028564,
                    -0.6516291499137878,
                    -2.6268012523651123
                ],
                [
                    -0.7227197885513306,
                    -0.29891762137413025,
                    0.6231565475463867,
                    2.5120246410369873
                ],
                [
                    1.4901161193847656e-08,
                    0.9016344547271729,
                    0.4324987232685089,
                    1.7434582710266113
                ],
                [
                    0.0,
                    0.0,
                    0.0,
                    1.0
                ]
            ]
        },
        {
            "file_path": "train/r_23",
            "rotation": 0.06283185307179587,
            "transform_matrix": [
                [
                    -0.1314428597688675,
                    0.859181821346283,
                    -0.4944989085197449,
                    -1.9933888912200928
                ],
                [
                    -0.9913238286972046,
                    -0.11392173171043396,
                    0.06556722521781921,
                    0.26430994272232056
                ],
                [
                    -3.725290742551124e-09,
                    0.498826801776886,
                    0.8667016625404358,
                    3.493786096572876
                ],
                [
                    0.0,
                    0.0,
                    0.0,
                    1.0
                ]
            ]
        },
        {
            "file_path": "train/r_24",
            "rotation": 0.06283185307179587,
            "transform_matrix": [
                [
                    -0.38574716448783875,
                    -0.3660271465778351,
                    0.8468903303146362,
                    3.413924217224121
                ],
                [
                    0.922604501247406,
                    -0.15303842723369598,
                    0.3540905714035034,
                    1.4273847341537476
                ],
                [
                    0.0,
                    0.9179342985153198,
                    0.3967323899269104,
                    1.5992794036865234
                ],
                [
                    0.0,
                    0.0,
                    0.0,
                    1.0
                ]
            ]
        },
        {
            "file_path": "train/r_25",
            "rotation": 0.06283185307179587,
            "transform_matrix": [
                [
                    -0.737877607345581,
                    -0.29816100001335144,
                    0.6055052876472473,
                    2.4408698081970215
                ],
                [
                    0.6749346256256104,
                    -0.32596689462661743,
                    0.6619734764099121,
                    2.6685004234313965
                ],
                [
                    1.4901161193847656e-08,
                    0.8971318602561951,
                    0.44176289439201355,
                    1.7808030843734741
                ],
                [
                    0.0,
                    0.0,
                    0.0,
                    1.0
                ]
            ]
        },
        {
            "file_path": "train/r_26",
            "rotation": 0.06283185307179587,
            "transform_matrix": [
                [
                    0.4372124671936035,
                    0.19669684767723083,
                    -0.8775849938392639,
                    -3.537658452987671
                ],
                [
                    -0.8993581533432007,
                    0.09562186896800995,
                    -0.4266276955604553,
                    -1.7197914123535156
                ],
                [
                    -7.450580152834618e-09,
                    0.9757903814315796,
                    0.21870799362659454,
                    0.8816401958465576
                ],
                [
                    0.0,
                    0.0,
                    0.0,
                    1.0
                ]
            ]
        },
        {
            "file_path": "train/r_27",
            "rotation": 0.06283185307179587,
            "transform_matrix": [
                [
                    0.6377573609352112,
                    0.24323779344558716,
                    -0.7308220863342285,
                    -2.946038246154785
                ],
                [
                    -0.7702373266220093,
                    0.20140114426612854,
                    -0.6051214337348938,
                    -2.4393227100372314
                ],
                [
                    0.0,
                    0.9488272070884705,
                    0.3157958388328552,
                    1.2730138301849365
                ],
                [
                    0.0,
                    0.0,
                    0.0,
                    1.0
                ]
            ]
        },
        {
            "file_path": "train/r_28",
            "rotation": 0.06283185307179587,
            "transform_matrix": [
                [
                    0.18994136154651642,
                    0.9802184700965881,
                    -0.05562398210167885,
                    -0.22422745823860168
                ],
                [
                    -0.9817954301834106,
                    0.18963627517223358,
                    -0.010761196725070477,
                    -0.0433797761797905
                ],
                [
                    9.313225746154785e-10,
                    0.056655336171388626,
                    0.9983936548233032,
                    4.024653911590576
                ],
                [
                    0.0,
                    0.0,
                    0.0,
                    1.0
                ]
            ]
        },
        {
            "file_path": "train/r_29",
            "rotation": 0.06283185307179587,
            "transform_matrix": [
                [
                    0.3807421028614044,
                    -0.22125640511512756,
                    0.8978201746940613,
                    3.6192288398742676
                ],
                [
                    0.9246812462806702,
                    0.09110342711210251,
                    -0.3696819543838501,
                    -1.4902355670928955
                ],
                [
                    7.450580596923828e-09,
                    0.9709509015083313,
                    0.23927856981754303,
                    0.9645627737045288
                ],
                [
                    0.0,
                    0.0,
                    0.0,
                    1.0
                ]
            ]
        },
        {
            "file_path": "train/r_30",
            "rotation": 0.06283185307179587,
            "transform_matrix": [
                [
                    -0.8871716260910034,
                    0.4059160053730011,
                    -0.21945087611675262,
                    -0.8846348524093628
                ],
                [
                    -0.4614395499229431,
                    -0.7804210782051086,
                    0.4219200015068054,
                    1.7008140087127686
                ],
                [
                    0.0,
                    0.47557878494262695,
                    0.8796730637550354,
                    3.5460758209228516
                ],
                [
                    0.0,
                    0.0,
                    0.0,
                    1.0
                ]
            ]
        },
        {
            "file_path": "train/r_31",
            "rotation": 0.06283185307179587,
            "transform_matrix": [
                [
                    -0.3800017237663269,
                    0.14001300930976868,
                    -0.9143276810646057,
                    -3.68577241897583
                ],
                [
                    -0.9249857068061829,
                    -0.05752000957727432,
                    0.3756231963634491,
                    1.5141853094100952
                ],
                [
                    -3.725290076417309e-09,
                    0.9884774684906006,
                    0.15136776864528656,
                    0.6101829409599304
                ],
                [
                    0.0,
                    0.0,
                    0.0,
                    1.0
                ]
            ]
        },
        {
            "file_path": "train/r_32",
            "rotation": 0.06283185307179587,
            "transform_matrix": [
                [
                    0.8592885136604309,
                    0.44025304913520813,
                    -0.2603851854801178,
                    -1.049646258354187
                ],
                [
                    -0.5114911794662476,
                    0.7396107912063599,
                    -0.43743863701820374,
                    -1.7633715867996216
                ],
                [
                    0.0,
                    0.5090706944465637,
                    0.860724687576294,
                    3.4696922302246094
                ],
                [
                    0.0,
                    0.0,
                    0.0,
                    1.0
                ]
            ]
        },
        {
            "file_path": "train/r_33",
            "rotation": 0.06283185307179587,
            "transform_matrix": [
                [
                    -0.7951042056083679,
                    0.2688315510749817,
                    -0.5436348915100098,
                    -2.191462278366089
                ],
                [
                    -0.6064728498458862,
                    -0.3524462580680847,
                    0.7127217650413513,
                    2.8730733394622803
                ],
                [
                    1.4901161193847656e-08,
                    0.8963879346847534,
                    0.4432705342769623,
                    1.7868807315826416
                ],
                [
                    0.0,
                    0.0,
                    0.0,
                    1.0
                ]
            ]
        },
        {
            "file_path": "train/r_34",
            "rotation": 0.06283185307179587,
            "transform_matrix": [
                [
                    0.7543296217918396,
                    -0.40191522240638733,
                    0.5190866589546204,
                    2.0925052165985107
                ],
                [
                    0.6564957499504089,
                    0.4618103802204132,
                    -0.5964431762695312,
                    -2.40433931350708
                ],
                [
                    -2.9802320611338473e-08,
                    0.7906929850578308,
                    0.6122128367424011,
                    2.4679088592529297
                ],
                [
                    0.0,
                    0.0,
                    0.0,
                    1.0
                ]
            ]
        },
        {
            "file_path": "train/r_35",
            "rotation": 0.06283185307179587,
            "transform_matrix": [
                [
                    -0.9894967675209045,
                    0.058600932359695435,
                    -0.1321440041065216,
                    -0.5326895713806152
                ],
                [
                    -0.14455486834049225,
                    -0.40113094449043274,
                    0.9045427441596985,
                    3.646328926086426
                ],
                [
                    0.0,
                    0.9141443371772766,
                    0.405388742685318,
                    1.6341745853424072
                ],
                [
                    0.0,
                    0.0,
                    0.0,
                    1.0
                ]
            ]
        },
        {
            "file_path": "train/r_36",
            "rotation": 0.06283185307179587,
            "transform_matrix": [
                [
                    0.7114880681037903,
                    -0.21006324887275696,
                    0.6705654263496399,
                    2.7031357288360596
                ],
                [
                    0.7026980519294739,
                    0.21269096434116364,
                    -0.6789535880088806,
                    -2.7369494438171387
                ],
                [
                    0.0,
                    0.9542725086212158,
                    0.298938125371933,
                    1.2050580978393555
                ],
                [
                    0.0,
                    0.0,
                    0.0,
                    1.0
                ]
            ]
        },
        {
            "file_path": "train/r_37",
            "rotation": 0.06283185307179587,
            "transform_matrix": [
                [
                    -0.1814020574092865,
                    0.8416658043861389,
                    -0.5086175203323364,
                    -2.0503029823303223
                ],
                [
                    -0.9834089875221252,
                    -0.1552557647228241,
                    0.09382084757089615,
                    0.37820395827293396
                ],
                [
                    -7.450580596923828e-09,
                    0.517198383808136,
                    0.855865478515625,
                    3.450104236602783
                ],
                [
                    0.0,
                    0.0,
                    0.0,
                    1.0
                ]
            ]
        },
        {
            "file_path": "train/r_38",
            "rotation": 0.06283185307179587,
            "transform_matrix": [
                [
                    0.6170905232429504,
                    0.7843844890594482,
                    -0.06277017295360565,
                    -0.25303465127944946
                ],
                [
                    -0.7868921160697937,
                    0.6151240468025208,
                    -0.04922514781355858,
                    -0.19843292236328125
                ],
                [
                    0.0,
                    0.07976976037025452,
                    0.9968132972717285,
                    4.018282890319824
                ],
                [
                    0.0,
                    0.0,
                    0.0,
                    1.0
                ]
            ]
        },
        {
            "file_path": "train/r_39",
            "rotation": 0.06283185307179587,
            "transform_matrix": [
                [
                    -0.9983587861061096,
                    -0.01479320041835308,
                    0.05532445013523102,
                    0.22302000224590302
                ],
                [
                    0.057268090546131134,
                    -0.2578909695148468,
                    0.9644752144813538,
                    3.8879241943359375
                ],
                [
                    1.8626450382086546e-09,
                    0.9660608172416687,
                    0.2583148777484894,
                    1.041300654411316
                ],
                [
                    0.0,
                    0.0,
                    0.0,
                    1.0
                ]
            ]
        },
        {
            "file_path": "train/r_40",
            "rotation": 0.06283185307179587,
            "transform_matrix": [
                [
                    0.19444189965724945,
                    0.3961447775363922,
                    -0.8973636627197266,
                    -3.617388963699341
                ],
                [
                    -0.9809141159057617,
                    0.07852587848901749,
                    -0.17788007855415344,
                    -0.7170575857162476
                ],
                [
                    0.0,
                    0.9148240089416504,
                    0.403852641582489,
                    1.6279821395874023
                ],
                [
                    0.0,
                    0.0,
                    0.0,
                    1.0
                ]
            ]
        },
        {
            "file_path": "train/r_41",
            "rotation": 0.06283185307179587,
            "transform_matrix": [
                [
                    -0.32392066717147827,
                    -0.5585503578186035,
                    0.7636078000068665,
                    3.0782015323638916
                ],
                [
                    0.9460842609405518,
                    -0.1912366896867752,
                    0.2614443302154541,
                    1.0539158582687378
                ],
                [
                    0.0,
                    0.8071244955062866,
                    0.5903812050819397,
                    2.3799028396606445
                ],
                [
                    0.0,
                    0.0,
                    0.0,
                    1.0
                ]
            ]
        },
        {
            "file_path": "train/r_42",
            "rotation": 0.06283185307179587,
            "transform_matrix": [
                [
                    0.5381094813346863,
                    0.43614235520362854,
                    -0.7212613224983215,
                    -2.9074976444244385
                ],
                [
                    -0.8428748846054077,
                    0.2784426808357239,
                    -0.4604687988758087,
                    -1.8562092781066895
                ],
                [
                    0.0,
                    0.855715811252594,
                    0.5174460411071777,
                    2.0858919620513916
                ],
                [
                    0.0,
                    0.0,
                    0.0,
                    1.0
                ]
            ]
        },
        {
            "file_path": "train/r_43",
            "rotation": 0.06283185307179587,
            "transform_matrix": [
                [
                    0.09906034171581268,
                    0.25059548020362854,
                    -0.9630102515220642,
                    -3.882018804550171
                ],
                [
                    -0.9950814843177795,
                    0.024946773424744606,
                    -0.09586764872074127,
                    -0.38645488023757935
                ],
                [
                    -1.862645371275562e-09,
                    0.9677703976631165,
                    0.25183409452438354,
                    1.0151758193969727
                ],
                [
                    0.0,
                    0.0,
                    0.0,
                    1.0
                ]
            ]
        },
        {
            "file_path": "train/r_44",
            "rotation": 0.06283185307179587,
            "transform_matrix": [
                [
                    0.9216439127922058,
                    -0.34748587012290955,
                    0.17270243167877197,
                    0.696185827255249
                ],
                [
                    0.3880368173122406,
                    0.8253294825553894,
                    -0.41019344329833984,
                    -1.6535427570343018
                ],
                [
                    1.4901161193847656e-08,
                    0.44506722688674927,
                    0.8954970836639404,
                    3.6098644733428955
                ],
                [
                    0.0,
                    0.0,
                    0.0,
                    1.0
                ]
            ]
        },
        {
            "file_path": "train/r_45",
            "rotation": 0.06283185307179587,
            "transform_matrix": [
                [
                    -0.9491113424301147,
                    0.09893560409545898,
                    -0.2989974915981293,
                    -1.205297589302063
                ],
                [
                    -0.3149409294128418,
                    -0.29815399646759033,
                    0.9010639786720276,
                    3.632305383682251
                ],
