{
    "camera_angle_x": 0.6911112070083618,
    "frames": [
        {
            "file_path": "train/r_0",
            "rotation": 0.06283185307179587,
            "transform_matrix": [
                [
                    0.532052755355835,
                    0.22570838034152985,
                    -0.8160731196403503,
                    -6.541324615478516
                ],
                [
                    -0.8467111587524414,
                    0.1418296843767166,
                    -0.5128005743026733,
                    -4.110410213470459
                ],
                [
                    0.0,
                    0.9638153314590454,
                    0.26657065749168396,
                    2.1367268562316895
                ],
                [
                    0.0,
                    0.0,
                    0.0,
                    1.0
                ]
            ]
        },
        {
            "file_path": "train/r_1",
            "rotation": 0.06283185307179587,
            "transform_matrix": [
                [
                    0.6398482322692871,
                    0.47920432686805725,
                    -0.6007972359657288,
                    -4.815756797790527
                ],
                [
                    -0.7685014009475708,
                    0.39898183941841125,
                    -0.5002191066741943,
                    -4.009561538696289
                ],
                [
                    2.980232594040899e-08,
                    0.7817777395248413,
                    0.6235569715499878,
                    4.998189926147461
                ],
                [
                    0.0,
                    0.0,
                    0.0,
                    1.0
                ]
            ]
        },
        {
            "file_path": "train/r_2",
            "rotation": 0.06283185307179587,
            "transform_matrix": [
                [
                    0.2878033220767975,
                    0.22467155754566193,
                    -0.9309629201889038,
                    -7.462235450744629
                ],
                [
                    -0.957689642906189,
                    0.06751792877912521,
                    -0.27977144718170166,
                    -2.2425386905670166
                ],
                [
                    0.0,
                    0.9720925688743591,
                    0.23459748923778534,
                    1.8804419040679932
                ],
                [
                    0.0,
                    0.0,
                    0.0,
                    1.0
                ]
            ]
        },
        {
            "file_path": "train/r_3",
            "rotation": 0.06283185307179587,
            "transform_matrix": [
                [
                    0.528160810470581,
                    -0.6779901385307312,
                    0.5112488269805908,
                    4.097971439361572
                ],
                [
                    0.8491442799568176,
                    0.42170435190200806,
                    -0.317992627620697,
                    -2.5489048957824707
                ],
                [
                    0.0,
                    0.6020753979682922,
                    0.7984392046928406,
                    6.399977684020996
                ],
                [
                    0.0,
                    0.0,
                    0.0,
                    1.0
                ]
            ]
        },
        {
            "file_path": "train/r_4",
            "rotation": 0.06283185307179587,
            "transform_matrix": [
                [
                    -0.08842350542545319,
                    -0.9279447197914124,
                    0.36207708716392517,
                    2.902268886566162
                ],
                [
                    0.9960829615592957,
                    -0.08237478882074356,
                    0.0321420282125473,
                    0.25763797760009766
                ],
                [
                    -1.8626450382086546e-09,
                    0.3635009229183197,
                    0.9315937757492065,
                    7.467292308807373
                ],
                [
                    0.0,
                    0.0,
                    0.0,
                    1.0
                ]
            ]
        },
        {
            "file_path": "train/r_5",
            "rotation": 0.06283185307179587,
            "transform_matrix": [
                [
                    -0.41545283794403076,
                    -0.45125067234039307,
                    0.7897922396659851,
                    6.3306660652160645
                ],
                [
                    0.9096147418022156,
                    -0.20610195398330688,
                    0.3607257008552551,
                    2.8914363384246826
                ],
                [
                    1.4901161193847656e-08,
                    0.8682710528373718,
                    0.49608999490737915,
                    3.976463794708252
                ],
                [
                    0.0,
                    0.0,
                    0.0,
                    1.0
                ]
            ]
        },
        {
            "file_path": "train/r_6",
            "rotation": 0.06283185307179587,
            "transform_matrix": [
                [
                    0.9344494938850403,
                    0.037296075373888016,
                    -0.354137122631073,
                    -2.838625192642212
                ],
                [
                    -0.35609567165374756,
                    0.0978706106543541,
                    -0.9293100237846375,
                    -7.448987007141113
                ],
                [
                    0.0,
                    0.9945000410079956,
                    0.10473611205816269,
                    0.8395238518714905
                ],
                [
                    0.0,
                    0.0,
                    0.0,
                    1.0
                ]
            ]
        },
        {
            "file_path": "train/r_7",
            "rotation": 0.06283185307179587,
            "transform_matrix": [
                [
                    -0.41600799560546875,
                    -0.5503669381141663,
                    0.7239015102386475,
                    5.802513122558594
                ],
                [
                    0.9093610048294067,
                    -0.25177791714668274,
                    0.33116528391838074,
                    2.654492139816284
                ],
                [
                    0.0,
                    0.7960553169250488,
                    0.6052237749099731,
                    4.85123872756958
                ],
                [
                    0.0,
                    0.0,
                    0.0,
                    1.0
                ]
            ]
        },
        {
            "file_path": "train/r_8",
            "rotation": 0.06283185307179587,
            "transform_matrix": [
                [
                    0.6223118901252747,
                    -0.48994573950767517,
                    0.6104759573936462,
                    4.893337249755859
                ],
                [
                    0.7827692031860352,
                    0.38951337337493896,
                    -0.4853365123271942,
                    -3.890268325805664
                ],
                [
                    0.0,
                    0.7798925638198853,
                    0.6259132623672485,
                    5.0170769691467285
                ],
                [
                    0.0,
                    0.0,
                    0.0,
                    1.0
                ]
            ]
        },
        {
            "file_path": "train/r_9",
            "rotation": 0.06283185307179587,
            "transform_matrix": [
                [
                    -0.9014569520950317,
                    -0.18943439424037933,
                    0.3892170488834381,
                    3.119812250137329
                ],
                [
                    0.43286871910095215,
                    -0.3945005536079407,
                    0.8105515837669373,
                    6.497066020965576
                ],
                [
                    -1.4901161193847656e-08,
                    0.8991572856903076,
                    0.4376254677772522,
                    3.5078353881835938
                ],
                [
                    0.0,
                    0.0,
                    0.0,
                    1.0
                ]
            ]
        },
        {
            "file_path": "train/r_10",
            "rotation": 0.06283185307179587,
            "transform_matrix": [
                [
                    0.7484471201896667,
                    -0.2077820748090744,
                    0.6298043131828308,
                    5.0482659339904785
                ],
                [
                    0.6631945371627808,
                    0.23449213802814484,
                    -0.7107647061347961,
                    -5.6972126960754395
                ],
                [
                    0.0,
                    0.9496524930000305,
                    0.3133048713207245,
                    2.5113298892974854
                ],
                [
                    0.0,
                    0.0,
                    0.0,
                    1.0
                ]
            ]
        },
        {
            "file_path": "train/r_11",
            "rotation": 0.06283185307179587,
            "transform_matrix": [
                [
                    -0.5163450241088867,
                    0.8013551831245422,
                    -0.30202266573905945,
                    -2.42089581489563
                ],
                [
                    -0.8563806414604187,
                    -0.48316800594329834,
                    0.18210113048553467,
                    1.4596515893936157
                ],
                [
                    0.0,
                    0.35267335176467896,
                    0.9357464909553528,
                    7.5005784034729
                ],
                [
                    0.0,
                    0.0,
                    0.0,
                    1.0
                ]
            ]
        },
        {
            "file_path": "train/r_12",
            "rotation": 0.06283185307179587,
            "transform_matrix": [
                [
                    -0.9967943429946899,
                    0.01713068224489689,
                    -0.07815147191286087,
                    -0.6264317631721497
                ],
                [
                    -0.08000696450471878,
                    -0.21342849731445312,
                    0.9736770391464233,
                    7.804615497589111
                ],
                [
                    0.0,
                    0.9768084287643433,
                    0.21411487460136414,
                    1.716261386871338
                ],
                [
                    0.0,
                    0.0,
                    0.0,
                    1.0
                ]
            ]
        },
        {
            "file_path": "train/r_13",
            "rotation": 0.06283185307179587,
            "transform_matrix": [
                [
                    -0.5537155866622925,
                    -0.07449464499950409,
                    0.82936692237854,
                    6.647881984710693
                ],
                [
                    0.8327059149742126,
                    -0.04953590780496597,
                    0.5514952540397644,
                    4.420571327209473
                ],
                [
                    0.0,
                    0.9959902167320251,
                    0.08946092426776886,
                    0.7170839309692383
                ],
                [
                    0.0,
                    0.0,
                    0.0,
                    1.0
                ]
            ]
        },
        {
            "file_path": "train/r_14",
            "rotation": 0.06283185307179587,
            "transform_matrix": [
                [
                    0.9784747362136841,
                    -0.09181050956249237,
                    0.18481901288032532,
                    1.4814372062683105
                ],
                [
                    0.20636677742004395,
                    0.4353135824203491,
                    -0.8763074278831482,
                    -7.024138927459717
                ],
                [
                    7.450580596923828e-09,
                    0.895585298538208,
                    0.4448899030685425,
                    3.5660641193389893
                ],
                [
                    0.0,
                    0.0,
                    0.0,
                    1.0
                ]
            ]
        },
        {
            "file_path": "train/r_15",
            "rotation": 0.06283185307179587,
            "transform_matrix": [
                [
                    0.4606822431087494,
                    0.17987830936908722,
                    -0.8691465258598328,
                    -6.966739177703857
                ],
                [
                    -0.8875651359558105,
                    0.09336412698030472,
                    -0.4511222541332245,
                    -3.6160199642181396
                ],
                [
                    -7.450580596923828e-09,
                    0.9792481064796448,
                    0.20266491174697876,
                    1.6244828701019287
                ],
                [
                    0.0,
                    0.0,
                    0.0,
                    1.0
                ]
            ]
        },
        {
            "file_path": "train/r_16",
            "rotation": 0.06283185307179587,
            "transform_matrix": [
                [
                    0.4507927894592285,
                    -0.3927217125892639,
                    0.8015954494476318,
                    6.425277233123779
                ],
                [
                    0.8926287293434143,
                    0.19833120703697205,
                    -0.40481945872306824,
                    -3.244875192642212
                ],
                [
                    0.0,
                    0.8980168700218201,
                    0.43996089696884155,
                    3.526555299758911
                ],
                [
                    0.0,
                    0.0,
                    0.0,
                    1.0
                ]
            ]
        },
        {
            "file_path": "train/r_17",
            "rotation": 0.06283185307179587,
            "transform_matrix": [
                [
                    0.1583331674337387,
                    -0.9179308414459229,
                    0.36377695202827454,
                    2.9158942699432373
                ],
                [
                    0.9873858094215393,
                    0.14719565212726593,
                    -0.05833378806710243,
                    -0.4675809144973755
                ],
                [
                    -3.725290298461914e-09,
                    0.3684242367744446,
                    0.9296576976776123,
                    7.451773643493652
                ],
                [
                    0.0,
                    0.0,
                    0.0,
                    1.0
                ]
            ]
        },
        {
            "file_path": "train/r_18",
            "rotation": 0.06283185307179587,
            "transform_matrix": [
                [
                    0.7381145358085632,
                    0.5366383194923401,
                    -0.4089086055755615,
                    -3.277651786804199
                ],
                [
                    -0.6746754050254822,
                    0.5870979428291321,
                    -0.4473578929901123,
                    -3.585846185684204
                ],
                [
                    1.4901161193847656e-08,
                    0.6060819029808044,
                    0.7954022288322449,
                    6.375633716583252
                ],
                [
                    0.0,
                    0.0,
                    0.0,
                    1.0
                ]
            ]
        },
        {
            "file_path": "train/r_19",
            "rotation": 0.06283185307179587,
            "transform_matrix": [
                [
                    -0.9929300546646118,
                    0.05335375666618347,
                    -0.10603436082601547,
                    -0.8499301075935364
                ],
                [
                    -0.11870092898607254,
                    -0.44630274176597595,
                    0.886974573135376,
                    7.109642505645752
                ],
                [
                    0.0,
                    0.893290102481842,
                    0.44948050379753113,
                    3.602860450744629
                ],
                [
                    0.0,
                    0.0,
                    0.0,
                    1.0
                ]
            ]
        },
        {
            "file_path": "train/r_20",
            "rotation": 0.06283185307179587,
            "transform_matrix": [
                [
                    0.8416875600814819,
                    -0.3005768954753876,
                    0.4485705494880676,
                    3.595566511154175
                ],
                [
                    0.5399648547172546,
                    0.46853387355804443,
                    -0.6992237567901611,
                    -5.604704856872559
                ],
                [
                    1.4901161193847656e-08,
                    0.8307403326034546,
                    0.5566601157188416,
                    4.461970329284668
                ],
                [
                    0.0,
                    0.0,
                    0.0,
                    1.0
                ]
            ]
        },
        {
            "file_path": "train/r_21",
            "rotation": 0.06283185307179587,
            "transform_matrix": [
                [
                    0.257121741771698,
                    -0.7555233836174011,
                    0.6025552153587341,
                    4.82984733581543
                ],
                [
                    0.9663789868354797,
                    0.2010200023651123,
                    -0.16032017767429352,
                    -1.2850639820098877
                ],
                [
                    -7.450580152834618e-09,
                    0.6235183477401733,
                    0.781808614730835,
                    6.266672611236572
                ],
                [
                    0.0,
                    0.0,
                    0.0,
                    1.0
                ]
            ]
        },
        {
            "file_path": "train/r_22",
            "rotation": 0.06283185307179587,
            "transform_matrix": [
                [
                    -0.9641467928886414,
                    -0.10854165256023407,
                    0.24215607345104218,
                    1.9410288333892822
                ],
                [
                    0.2653692662715912,
                    -0.3943564295768738,
                    0.8798078894615173,
                    7.052197456359863
                ],
                [
                    0.0,
                    0.912524938583374,
                    0.4090210497379303,
                    3.2785534858703613
                ],
                [
                    0.0,
                    0.0,
                    0.0,
                    1.0
                ]
            ]
        },
        {
            "file_path": "train/r_23",
            "rotation": 0.06283185307179587,
            "transform_matrix": [
                [
                    0.28825920820236206,
                    0.6273143887519836,
                    -0.7234522700309753,
                    -5.7989115715026855
                ],
                [
                    -0.957552433013916,
                    0.1888451725244522,
                    -0.2177862972021103,
                    -1.745690107345581
                ],
                [
                    -1.4901161193847656e-08,
                    0.7555224299430847,
                    0.655122697353363,
                    5.251208305358887
                ],
                [
                    0.0,
                    0.0,
                    0.0,
                    1.0
                ]
            ]
        },
        {
            "file_path": "train/r_24",
            "rotation": 0.06283185307179587,
            "transform_matrix": [
                [
                    0.9965406656265259,
                    0.034090522676706314,
                    -0.07579297572374344,
                    -0.6075268983840942
                ],
                [
                    -0.08310678601264954,
                    0.40878239274024963,
                    -0.9088400602340698,
                    -7.284907341003418
                ],
                [
                    0.0,
                    0.9119949340820312,
                    0.41020140051841736,
                    3.2880141735076904
                ],
                [
                    0.0,
                    0.0,
                    0.0,
                    1.0
                ]
            ]
        },
        {
            "file_path": "train/r_25",
            "rotation": 0.06283185307179587,
            "transform_matrix": [
                [
                    -0.903833270072937,
                    -0.1727159470319748,
                    0.3914775848388672,
                    3.1379318237304688
                ],
                [
                    0.4278849959373474,
                    -0.36483266949653625,
                    0.826928973197937,
                    6.628340244293213
                ],
                [
                    -1.4901162970204496e-08,
                    0.9149131178855896,
                    0.4036504626274109,
                    3.2355048656463623
                ],
                [
                    0.0,
                    0.0,
                    0.0,
                    1.0
                ]
            ]
        },
        {
            "file_path": "train/r_26",
            "rotation": 0.06283185307179587,
            "transform_matrix": [
                [
                    -0.8775883316993713,
                    0.45896875858306885,
                    -0.13851504027843475,
                    -1.11028254032135
                ],
                [
                    -0.47941499948501587,
                    -0.8401606678962708,
                    0.25355732440948486,
                    2.032416582107544
                ],
                [
                    0.0,
                    0.2889251410961151,
                    0.9573516845703125,
                    7.673757553100586
                ],
                [
                    0.0,
                    0.0,
                    0.0,
                    1.0
                ]
            ]
        },
        {
            "file_path": "train/r_27",
            "rotation": 0.06283185307179587,
            "transform_matrix": [
                [
                    -0.7596635222434998,
                    0.4338817298412323,
                    -0.48441505432128906,
                    -3.8828818798065186
                ],
                [
                    -0.6503163576126099,
                    -0.5068365931510925,
                    0.5658668279647827,
                    4.535767555236816
                ],
                [
                    -1.4901161193847656e-08,
                    0.744891345500946,
                    0.6671857833862305,
                    5.347900867462158
                ],
                [
                    0.0,
                    0.0,
                    0.0,
                    1.0
                ]
            ]
        },
        {
            "file_path": "train/r_28",
            "rotation": 0.06283185307179587,
            "transform_matrix": [
                [
                    -0.9294727444648743,
                    0.2916443943977356,
                    -0.22588445246219635,
                    -1.8106015920639038
                ],
                [
                    -0.36889052391052246,
                    -0.7348400354385376,
                    0.5691484212875366,
                    4.562071323394775
                ],
                [
                    1.4901158529312397e-08,
                    0.612334668636322,
                    0.7905987501144409,
                    6.337131023406982
                ],
                [
                    0.0,
                    0.0,
                    0.0,
                    1.0
                ]
            ]
        },
        {
            "file_path": "train/r_29",
            "rotation": 0.06283185307179587,
            "transform_matrix": [
                [
                    0.9981361031532288,
                    0.05517697334289551,
                    -0.026071058586239815,
                    -0.20897546410560608
                ],
                [
                    -0.061026208102703094,
                    0.9024668335914612,
                    -0.4264145791530609,
                    -3.417973279953003
                ],
                [
                    0.0,
                    0.42721083760261536,
                    0.9041519165039062,
                    7.2473297119140625
                ],
                [
                    0.0,
                    0.0,
                    0.0,
                    1.0
                ]
            ]
        },
        {
            "file_path": "train/r_30",
            "rotation": 0.06283185307179587,
            "transform_matrix": [
                [
                    0.6489002108573914,
                    -0.21791338920593262,
                    0.7290009260177612,
                    5.843386650085449
                ],
                [
                    0.7608734965324402,
                    0.18584434688091278,
                    -0.6217181086540222,
                    -4.983449459075928
                ],
                [
                    0.0,
                    0.9581104516983032,
                    0.2863989770412445,
                    2.2956624031066895
                ],
                [
                    0.0,
                    0.0,
                    0.0,
                    1.0
                ]
            ]
        },
        {
            "file_path": "train/r_31",
            "rotation": 0.06283185307179587,
            "transform_matrix": [
                [
                    0.37007907032966614,
                    -0.15647611021995544,
                    0.9157273173332214,
                    7.340113639831543
                ],
                [
                    0.9290002584457397,
                    0.062334246933460236,
                    -0.3647916316986084,
                    -2.924027442932129
                ],
                [
                    0.0,
                    0.9857127666473389,
                    0.16843494772911072,
                    1.3501088619232178
                ],
                [
                    0.0,
                    0.0,
                    0.0,
                    1.0
                ]
            ]
        },
        {
            "file_path": "train/r_32",
            "rotation": 0.06283185307179587,
            "transform_matrix": [
                [
                    -0.8933027386665344,
                    -0.21833012998104095,
                    0.3928641974925995,
                    3.1490461826324463
                ],
                [
                    0.4494556188583374,
                    -0.43393582105636597,
                    0.7808260321617126,
                    6.2587971687316895
                ],
                [
                    0.0,
                    0.8740890622138977,
                    0.4857656955718994,
                    3.8937084674835205
                ],
                [
                    0.0,
                    0.0,
                    0.0,
                    1.0
                ]
            ]
        },
        {
            "file_path": "train/r_33",
            "rotation": 0.06283185307179587,
            "transform_matrix": [
                [
                    -0.4048927426338196,
                    -0.33103230595588684,
                    0.8523375988006592,
                    6.832006454467773
                ],
                [
                    0.914364218711853,
                    -0.14658555388450623,
                    0.37742653489112854,
                    3.025304079055786
                ],
                [
                    7.450580596923828e-09,
                    0.9321643114089966,
                    0.36203548312187195,
                    2.901935338973999
                ],
                [
                    0.0,
                    0.0,
                    0.0,
                    1.0
                ]
            ]
        },
        {
            "file_path": "train/r_34",
            "rotation": 0.06283185307179587,
            "transform_matrix": [
                [
                    0.7102402448654175,
                    -0.19921766221523285,
                    0.6751822233200073,
                    5.4119977951049805
                ],
                [
                    0.7039594054222107,
                    0.20099511742591858,
                    -0.6812063455581665,
                    -5.46028470993042
                ],
                [
                    1.4901159417490817e-08,
                    0.9591211080551147,
                    0.28299593925476074,
                    2.268385171890259
                ],
                [
                    0.0,
                    0.0,
                    0.0,
                    1.0
                ]
            ]
        },
        {
            "file_path": "train/r_35",
            "rotation": 0.06283185307179587,
            "transform_matrix": [
                [
                    0.8806518912315369,
                    0.3710406720638275,
                    -0.2945864498615265,
                    -2.361290216445923
                ],
                [
                    -0.4737640619277954,
                    0.689705491065979,
                    -0.5475893020629883,
                    -4.389262676239014
                ],
                [
                    -1.4901161193847656e-08,
                    0.6218000054359436,
                    0.7831760048866272,
                    6.2776336669921875
                ],
                [
                    0.0,
                    0.0,
                    0.0,
                    1.0
                ]
            ]
        },
        {
            "file_path": "train/r_36",
            "rotation": 0.06283185307179587,
            "transform_matrix": [
                [
                    0.08817168325185776,
                    0.4383534789085388,
                    -0.8944673538208008,
                    -7.169702053070068
                ],
                [
                    -0.9961053729057312,
                    0.03880148380994797,
                    -0.07917504757642746,
                    -0.6346363425254822
                ],
                [
                    3.725290742551124e-09,
                    0.8979647755622864,
                    0.4400673806667328,
                    3.5274088382720947
                ],
                [
                    0.0,
                    0.0,
                    0.0,
                    1.0
                ]
            ]
        },
        {
            "file_path": "train/r_37",
            "rotation": 0.06283185307179587,
            "transform_matrix": [
                [
                    0.3239915072917938,
                    0.5191951394081116,
                    -0.7908639311790466,
                    -6.339257717132568
                ],
                [
                    -0.9460599422454834,
                    0.17780566215515137,
                    -0.27084246277809143,
                    -2.1709675788879395
                ],
                [
                    0.0,
                    0.8359555006027222,
                    0.5487971901893616,
                    4.39894437789917
                ],
                [
                    0.0,
                    0.0,
                    0.0,
                    1.0
                ]
            ]
        },
        {
            "file_path": "train/r_38",
            "rotation": 0.06283185307179587,
            "transform_matrix": [
                [
                    -0.5426392555236816,
                    -0.09553669393062592,
                    0.8345149755477905,
                    6.689147472381592
                ],
                [
                    0.8399659395217896,
                    -0.06171911954879761,
                    0.5391177535057068,
                    4.321358680725098
                ],
                [
                    0.0,
                    0.9935106635093689,
                    0.1137387678027153,
                    0.9116857051849365
                ],
                [
                    0.0,
                    0.0,
                    0.0,
                    1.0
                ]
            ]
        },
        {
            "file_path": "train/r_39",
            "rotation": 0.06283185307179587,
            "transform_matrix": [
                [
                    0.6438028216362,
                    -0.6623498201370239,
                    0.3831588327884674,
                    3.07125186920166
                ],
                [
                    0.7651914954185486,
                    0.5572757720947266,
                    -0.32237517833709717,
                    -2.584033727645874
                ],
                [
                    1.4901161193847656e-08,
                    0.5007359385490417,
                    0.865600049495697,
                    6.938312530517578
                ],
                [
                    0.0,
                    0.0,
                    0.0,
                    1.0
                ]
            ]
        },
        {
            "file_path": "train/r_40",
            "rotation": 0.06283185307179587,
            "transform_matrix": [
                [
                    -0.0577191561460495,
                    0.19236496090888977,
                    -0.9796244502067566,
                    -7.852287769317627
                ],
                [
                    -0.9983327984809875,
                    -0.011121686547994614,
                    0.05663752555847168,
                    0.4539843201637268
                ],
                [
                    -9.313225191043273e-10,
                    0.9812604188919067,
                    0.19268617033958435,
                    1.5444972515106201
                ],
                [
                    0.0,
                    0.0,
                    0.0,
                    1.0
                ]
            ]
        },
        {
            "file_path": "train/r_41",
            "rotation": 0.06283185307179587,
            "transform_matrix": [
                [
                    0.1412123739719391,
                    -0.6267234086990356,
                    0.766339898109436,
                    6.14268159866333
                ],
                [
                    0.9899793267250061,
                    0.08939691632986069,
                    -0.10931205749511719,
                    -0.8762027621269226
                ],
                [
                    0.0,
                    0.7740967869758606,
                    0.6330671906471252,
                    5.0744194984436035
                ],
                [
                    0.0,
                    0.0,
                    0.0,
                    1.0
                ]
            ]
        },
        {
            "file_path": "train/r_42",
            "rotation": 0.06283185307179587,
            "transform_matrix": [
                [
                    -0.8261683583259583,
                    0.2588198482990265,
                    -0.5004580020904541,
                    -4.011476516723633
                ],
                [
                    -0.5634235143661499,
                    -0.3795168995857239,
                    0.733839750289917,
                    5.882173538208008
                ],
                [
                    1.4901162970204496e-08,
                    0.8882449865341187,
                    0.4593699872493744,
                    3.682130813598633
                ],
                [
                    0.0,
                    0.0,
                    0.0,
                    1.0
                ]
            ]
        },
        {
            "file_path": "train/r_43",
            "rotation": 0.06283185307179587,
            "transform_matrix": [
                [
                    0.12364427745342255,
                    0.8591387867927551,
                    -0.49658095836639404,
                    -3.9803993701934814
                ],
                [
                    -0.9923266768455505,
                    0.10704901069402695,
                    -0.06187417358160019,
                    -0.49595925211906433
                ],
                [
                    -3.725290742551124e-09,
                    0.5004208087921143,
                    0.8657822012901306,
                    6.939772605895996
                ],
                [
                    0.0,
                    0.0,
                    0.0,
                    1.0
                ]
            ]
        },
        {
            "file_path": "train/r_44",
            "rotation": 0.06283185307179587,
            "transform_matrix": [
                [
                    -0.4932786524295807,
                    -0.19574633240699768,
                    0.8475608229637146,
                    6.793717384338379
                ],
                [
                    0.8698713183403015,
                    -0.11100203543901443,
                    0.48062703013420105,
                    3.8525187969207764
                ],
                [
                    0.0,
                    0.9743520617485046,
                    0.22502905130386353,
                    1.803745150566101
                ],
                [
                    0.0,
                    0.0,
                    0.0,
                    1.0
                ]
            ]
        },
        {
            "file_path": "train/r_45",
            "rotation": 0.06283185307179587,
            "transform_matrix": [
                [
                    -0.5080550909042358,
                    -0.7656601667404175,
                    0.394518107175827,
                    3.1623032093048096
                ],
                [
                    0.861324667930603,
                    -0.45162710547447205,
                    0.23270775377750397,
                    1.8652944564819336
                ],
                [
                    1.4901162970204496e-08,
