{
    "camera_angle_x": 0.6911112070083618,
    "frames": [
        {
            "file_path": "train/r_0",
            "rotation": 0.06283185307179587,
            "transform_matrix": [
                [
                    -0.7375665903091431,
                    -0.3666214346885681,
                    0.5670838952064514,
                    2.2859885692596436
                ],
                [
                    0.6752743721008301,
                    -0.4004412889480591,
                    0.6193958520889282,
                    2.4968647956848145
                ],
                [
                    1.4901161193847656e-08,
                    0.8397829532623291,
                    0.5429221391677856,
                    2.188589334487915
                ],
                [
                    0.0,
                    0.0,
                    0.0,
                    1.0
                ]
            ]
        },
        {
            "file_path": "train/r_1",
            "rotation": 0.06283185307179587,
            "transform_matrix": [
                [
                    0.8525744080543518,
                    -0.21629951894283295,
                    0.47574281692504883,
                    1.917780876159668
                ],
                [
                    0.5226057171821594,
                    0.3528691530227661,
                    -0.7761226296424866,
                    -3.1286509037017822
                ],
                [
                    -1.4901160305669237e-08,
                    0.9103285074234009,
                    0.41388648748397827,
                    1.6684300899505615
                ],
                [
                    0.0,
                    0.0,
                    0.0,
                    1.0
                ]
            ]
        },
        {
            "file_path": "train/r_2",
            "rotation": 0.06283185307179587,
            "transform_matrix": [
                [
                    0.9854928851127625,
                    -0.15906599164009094,
                    0.05917543172836304,
                    0.2385438084602356
                ],
                [
                    0.16971658170223236,
                    0.9236480593681335,
                    -0.34361380338668823,
                    -1.3851516246795654
                ],
                [
                    0.0,
                    0.3486720025539398,
                    0.937244713306427,
                    3.7781546115875244
                ],
                [
                    0.0,
                    0.0,
                    0.0,
                    1.0
                ]
            ]
        },
        {
            "file_path": "train/r_3",
            "rotation": 0.06283185307179587,
            "transform_matrix": [
                [
                    -0.339969277381897,
                    0.5673991441726685,
                    -0.7499860525131226,
                    -3.0232906341552734
                ],
                [
                    -0.940436601638794,
                    -0.2051156461238861,
                    0.271121084690094,
                    1.0929241180419922
                ],
                [
                    0.0,
                    0.7974872589111328,
                    0.6033358573913574,
                    2.4321248531341553
                ],
                [
                    0.0,
                    0.0,
                    0.0,
                    1.0
                ]
            ]
        },
        {
            "file_path": "train/r_4",
            "rotation": 0.06283185307179587,
            "transform_matrix": [
                [
                    0.8328478336334229,
                    0.21247760951519012,
                    -0.5110946297645569,
                    -2.060288429260254
                ],
                [
                    -0.5535020232200623,
                    0.3197125196456909,
                    -0.7690379619598389,
                    -3.1000912189483643
                ],
                [
                    0.0,
                    0.9233834743499756,
                    0.3838787078857422,
                    1.5474646091461182
                ],
                [
                    0.0,
                    0.0,
                    0.0,
                    1.0
                ]
            ]
        },
        {
            "file_path": "train/r_5",
            "rotation": 0.06283185307179587,
            "transform_matrix": [
                [
                    -0.6344451904296875,
                    0.24363075196743011,
                    -0.7335687279701233,
                    -2.9571104049682617
                ],
                [
                    -0.7729676961898804,
                    -0.19997002184391022,
                    0.6021068692207336,
                    2.427170753479004
                ],
                [
                    0.0,
                    0.9490289688110352,
                    0.3151887357234955,
                    1.2705665826797485
                ],
                [
                    0.0,
                    0.0,
                    0.0,
                    1.0
                ]
            ]
        },
        {
            "file_path": "train/r_6",
            "rotation": 0.06283185307179587,
            "transform_matrix": [
                [
                    -0.9980325102806091,
                    0.0232279933989048,
                    -0.05823763087391853,
                    -0.23476339876651764
                ],
                [
                    -0.06269898265600204,
                    -0.3697395622730255,
                    0.9270175099372864,
                    3.736927032470703
                ],
                [
                    1.862645371275562e-09,
                    0.9288449883460999,
                    0.37046849727630615,
                    1.4934062957763672
                ],
                [
                    0.0,
                    0.0,
                    0.0,
                    1.0
                ]
            ]
        },
        {
            "file_path": "train/r_7",
            "rotation": 0.06283185307179587,
            "transform_matrix": [
                [
                    -0.7962850332260132,
                    -0.5296393632888794,
                    0.29225385189056396,
                    1.1781129837036133
                ],
                [
                    0.6049217581748962,
                    -0.6971874833106995,
                    0.3847065269947052,
                    1.5508016347885132
                ],
                [
                    1.4901162970204496e-08,
                    0.48312678933143616,
                    0.875550389289856,
                    3.529456615447998
                ],
                [
                    0.0,
                    0.0,
                    0.0,
                    1.0
                ]
            ]
        },
        {
            "file_path": "train/r_8",
            "rotation": 0.06283185307179587,
            "transform_matrix": [
                [
                    0.601044237613678,
                    0.3506777882575989,
                    -0.7181718945503235,
                    -2.8950436115264893
                ],
                [
                    -0.7992157936096191,
                    0.26372459530830383,
                    -0.5400958061218262,
                    -2.1771957874298096
                ],
                [
                    0.0,
                    0.8985957503318787,
                    0.4387774169445038,
                    1.768768310546875
                ],
                [
                    0.0,
                    0.0,
                    0.0,
                    1.0
                ]
            ]
        },
        {
            "file_path": "train/r_9",
            "rotation": 0.06283185307179587,
            "transform_matrix": [
                [
                    -0.9927818179130554,
                    0.03892889246344566,
                    -0.1134401187300682,
                    -0.45729178190231323
                ],
                [
                    -0.11993381381034851,
                    -0.3222435414791107,
                    0.9390286803245544,
                    3.785346031188965
                ],
                [
                    0.0,
                    0.9458560347557068,
                    0.324586421251297,
                    1.3084498643875122
                ],
                [
                    0.0,
                    0.0,
                    0.0,
                    1.0
                ]
            ]
        },
        {
            "file_path": "train/r_10",
            "rotation": 0.06283185307179587,
            "transform_matrix": [
                [
                    0.2890776991844177,
                    0.16654103994369507,
                    -0.9427078366279602,
                    -3.8001770973205566
                ],
                [
                    -0.9573056697845459,
                    0.05029042065143585,
                    -0.28466957807540894,
                    -1.1475398540496826
                ],
                [
                    3.725290298461914e-09,
                    0.9847512245178223,
                    0.17396850883960724,
                    0.7012895345687866
                ],
                [
                    0.0,
                    0.0,
                    0.0,
                    1.0
                ]
            ]
        },
        {
            "file_path": "train/r_11",
            "rotation": 0.06283185307179587,
            "transform_matrix": [
                [
                    -0.9921079277992249,
                    0.07717487215995789,
                    -0.09882315248250961,
                    -0.39836886525154114
                ],
                [
                    -0.1253873109817505,
                    -0.6106343269348145,
                    0.7819230556488037,
                    3.1520326137542725
                ],
                [
                    3.725290742551124e-09,
                    0.7881431579589844,
                    0.6154919266700745,
                    2.4811272621154785
                ],
                [
                    0.0,
                    0.0,
                    0.0,
                    1.0
                ]
            ]
        },
        {
            "file_path": "train/r_12",
            "rotation": 0.06283185307179587,
            "transform_matrix": [
                [
                    0.5679279565811157,
                    -0.298040509223938,
                    0.767221987247467,
                    3.092771053314209
                ],
                [
                    0.8230783343315125,
                    0.20564937591552734,
                    -0.5293868184089661,
                    -2.1340267658233643
                ],
                [
                    0.0,
                    0.9321373701095581,
                    0.3621046841144562,
                    1.459690809249878
                ],
                [
                    0.0,
                    0.0,
                    0.0,
                    1.0
                ]
            ]
        },
        {
            "file_path": "train/r_13",
            "rotation": 0.06283185307179587,
            "transform_matrix": [
                [
                    0.8595510721206665,
                    0.28051239252090454,
                    -0.42718249559402466,
                    -1.7220277786254883
                ],
                [
                    -0.5110500454902649,
                    0.47180259227752686,
                    -0.7184916138648987,
                    -2.896332263946533
                ],
                [
                    0.0,
                    0.8358917236328125,
                    0.5488942861557007,
                    2.2126636505126953
                ],
                [
                    0.0,
                    0.0,
                    0.0,
                    1.0
                ]
            ]
        },
        {
            "file_path": "train/r_14",
            "rotation": 0.06283185307179587,
            "transform_matrix": [
                [
                    -0.9761539697647095,
                    -0.13705188035964966,
                    0.16834600269794464,
                    0.6786244511604309
                ],
                [
                    0.21707969903945923,
                    -0.6162885427474976,
                    0.7570105195045471,
                    3.0516068935394287
                ],
                [
                    0.0,
                    0.7755032777786255,
                    0.6313436031341553,
                    2.545027494430542
                ],
                [
                    0.0,
                    0.0,
                    0.0,
                    1.0
                ]
            ]
        },
        {
            "file_path": "train/r_15",
            "rotation": 0.06283185307179587,
            "transform_matrix": [
                [
                    -0.4933026432991028,
                    -0.5716298222541809,
                    0.655661404132843,
                    2.6430556774139404
                ],
                [
                    0.8698577284812927,
                    -0.3241754174232483,
                    0.37183037400245667,
                    1.4988962411880493
                ],
                [
                    -1.4901161193847656e-08,
                    0.7537570595741272,
                    0.6571531295776367,
                    2.64906907081604
                ],
                [
                    0.0,
                    0.0,
                    0.0,
                    1.0
                ]
            ]
        },
        {
            "file_path": "train/r_16",
            "rotation": 0.06283185307179587,
            "transform_matrix": [
                [
                    -0.469001829624176,
                    0.7527427673339844,
                    -0.4619692265987396,
                    -1.8622573614120483
                ],
                [
                    -0.8831971287727356,
                    -0.3997269868850708,
                    0.24531829357147217,
                    0.9889096021652222
                ],
                [
                    0.0,
                    0.5230646729469299,
                    0.8522930145263672,
                    3.4357028007507324
                ],
                [
                    0.0,
                    0.0,
                    0.0,
                    1.0
                ]
            ]
        },
        {
            "file_path": "train/r_17",
            "rotation": 0.06283185307179587,
            "transform_matrix": [
                [
                    0.5608608722686768,
                    0.4880751967430115,
                    -0.668743371963501,
                    -2.6957907676696777
                ],
                [
                    -0.8279100656509399,
                    0.3306425213813782,
                    -0.4530346989631653,
                    -1.8262412548065186
                ],
                [
                    0.0,
                    0.8077487349510193,
                    0.5895268321037292,
                    2.3764586448669434
                ],
                [
                    0.0,
                    0.0,
                    0.0,
                    1.0
                ]
            ]
        },
        {
            "file_path": "train/r_18",
            "rotation": 0.06283185307179587,
            "transform_matrix": [
                [
                    0.36092084646224976,
                    0.44204962253570557,
                    -0.8211748003959656,
                    -3.3102617263793945
                ],
                [
                    -0.9325963854789734,
                    0.17107607424259186,
                    -0.31779995560646057,
                    -1.2810927629470825
                ],
                [
                    0.0,
                    0.8805254101753235,
                    0.4739988446235657,
                    1.9107506275177002
                ],
                [
                    0.0,
                    0.0,
                    0.0,
                    1.0
                ]
            ]
        },
        {
            "file_path": "train/r_19",
            "rotation": 0.06283185307179587,
            "transform_matrix": [
                [
                    0.7184868454933167,
                    0.10557088255882263,
                    -0.6874818205833435,
                    -2.7713279724121094
                ],
                [
                    -0.6955403685569763,
                    0.10905376076698303,
                    -0.7101624608039856,
                    -2.8627564907073975
                ],
                [
                    0.0,
                    0.9884138703346252,
                    0.15178252756595612,
                    0.6118549108505249
                ],
                [
                    0.0,
                    0.0,
                    0.0,
                    1.0
                ]
            ]
        },
        {
            "file_path": "train/r_20",
            "rotation": 0.06283185307179587,
            "transform_matrix": [
                [
                    0.552054762840271,
                    0.588247537612915,
                    -0.5909316539764404,
                    -2.382122039794922
                ],
                [
                    -0.8338077664375305,
                    0.3894721269607544,
                    -0.39124923944473267,
                    -1.5771762132644653
                ],
                [
                    1.4901160305669237e-08,
                    0.7087145447731018,
                    0.705495297908783,
                    2.843942642211914
                ],
                [
                    0.0,
                    0.0,
                    0.0,
                    1.0
                ]
            ]
        },
        {
            "file_path": "train/r_21",
            "rotation": 0.06283185307179587,
            "transform_matrix": [
                [
                    -0.8829718232154846,
                    -0.08222367614507675,
                    0.46216881275177,
                    1.8630621433258057
                ],
                [
                    0.4694260060787201,
                    -0.15465950965881348,
                    0.869321346282959,
                    3.5043466091156006
                ],
                [
                    7.450580596923828e-09,
                    0.9845403432846069,
                    0.17515790462493896,
                    0.706084132194519
                ],
                [
                    0.0,
                    0.0,
                    0.0,
                    1.0
                ]
            ]
        },
        {
            "file_path": "train/r_22",
            "rotation": 0.06283185307179587,
            "transform_matrix": [
                [
                    -0.4939473569393158,
                    0.5451067090034485,
                    -0.6774028539657593,
                    -2.730698347091675
                ],
                [
                    -0.8694918155670166,
                    -0.30966827273368835,
                    0.38482406735420227,
                    1.5512754917144775
                ],
                [
                    1.4901161193847656e-08,
                    0.779079020023346,
                    0.6269256472587585,
                    2.5272181034088135
                ],
                [
                    0.0,
                    0.0,
                    0.0,
                    1.0
                ]
            ]
        },
        {
            "file_path": "train/r_23",
            "rotation": 0.06283185307179587,
            "transform_matrix": [
                [
                    0.057658787816762924,
                    0.6108761429786682,
                    -0.7896237969398499,
                    -3.183075428009033
                ],
                [
                    -0.9983363151550293,
                    0.03528107702732086,
                    -0.04560462385416031,
                    -0.1838381141424179
                ],
                [
                    1.8626450382086546e-09,
                    0.7909396290779114,
                    0.6118941307067871,
                    2.4666240215301514
                ],
                [
                    0.0,
                    0.0,
                    0.0,
                    1.0
                ]
            ]
        },
        {
            "file_path": "train/r_24",
            "rotation": 0.06283185307179587,
            "transform_matrix": [
                [
                    -0.6555827856063843,
                    0.243728905916214,
                    -0.7147078514099121,
                    -2.88107967376709
                ],
                [
                    -0.7551232576370239,
                    -0.21160052716732025,
                    0.6204949617385864,
                    2.501295328140259
                ],
                [
                    0.0,
                    0.9464784860610962,
                    0.3227669894695282,
                    1.3011155128479004
                ],
                [
                    0.0,
                    0.0,
                    0.0,
                    1.0
                ]
            ]
        },
        {
            "file_path": "train/r_25",
            "rotation": 0.06283185307179587,
            "transform_matrix": [
                [
                    -0.5585993528366089,
                    -0.12943264842033386,
                    0.8192764520645142,
                    3.3026089668273926
                ],
                [
                    0.8294376134872437,
                    -0.08716870099306107,
                    0.5517561435699463,
                    2.2242002487182617
                ],
                [
                    0.0,
                    0.9877493381500244,
                    0.15604868531227112,
                    0.6290523409843445
                ],
                [
                    0.0,
                    0.0,
                    0.0,
                    1.0
                ]
            ]
        },
        {
            "file_path": "train/r_26",
            "rotation": 0.06283185307179587,
            "transform_matrix": [
                [
                    -0.6263296008110046,
                    0.1197914257645607,
                    -0.7702993154525757,
                    -3.1051764488220215
                ],
                [
                    -0.7795584201812744,
                    -0.09624540060758591,
                    0.6188904643058777,
                    2.4948275089263916
                ],
                [
                    0.0,
                    0.988122820854187,
                    0.1536657214164734,
                    0.6194463968276978
                ],
                [
                    0.0,
                    0.0,
                    0.0,
                    1.0
                ]
            ]
        },
        {
            "file_path": "train/r_27",
            "rotation": 0.06283185307179587,
            "transform_matrix": [
                [
                    -0.09463261812925339,
                    0.5850672125816345,
                    -0.8054445385932922,
                    -3.2468509674072266
                ],
                [
                    -0.9955121874809265,
                    -0.05561603978276253,
                    0.07656493782997131,
                    0.3086431622505188
                ],
                [
                    0.0,
                    0.8090755343437195,
                    0.587704598903656,
                    2.3691132068634033
                ],
                [
                    0.0,
                    0.0,
                    0.0,
                    1.0
                ]
            ]
        },
        {
            "file_path": "train/r_28",
            "rotation": 0.06283185307179587,
            "transform_matrix": [
                [
                    -0.9004426598548889,
                    0.40651512145996094,
                    -0.15475277602672577,
                    -0.6238284111022949
                ],
                [
                    -0.43497470021247864,
                    -0.8415284156799316,
                    0.32035431265830994,
                    1.2913895845413208
                ],
                [
                    1.4901161193847656e-08,
                    0.3557741641998291,
                    0.9345719218254089,
                    3.7673799991607666
                ],
                [
                    0.0,
                    0.0,
                    0.0,
                    1.0
                ]
            ]
        },
        {
            "file_path": "train/r_29",
            "rotation": 0.06283185307179587,
            "transform_matrix": [
                [
                    0.2926153838634491,
                    0.8341822624206543,
                    -0.46745702624320984,
                    -1.8843796253204346
                ],
                [
                    -0.9562302231788635,
                    0.25526759028434753,
                    -0.14304623007774353,
                    -0.576637864112854
                ],
                [
                    -7.450580596923828e-09,
                    0.4888540506362915,
                    0.8723654747009277,
                    3.516618013381958
                ],
                [
                    0.0,
                    0.0,
                    0.0,
                    1.0
                ]
            ]
        },
        {
            "file_path": "train/r_30",
            "rotation": 0.06283185307179587,
            "transform_matrix": [
                [
                    0.6757321953773499,
                    -0.19903244078159332,
                    0.7097689509391785,
                    2.8611702919006348
                ],
                [
                    0.7371471524238586,
                    0.18245017528533936,
                    -0.6506350040435791,
                    -2.6227939128875732
                ],
                [
                    0.0,
                    0.9628593325614929,
                    0.27000361680984497,
                    1.0884195566177368
                ],
                [
                    0.0,
                    0.0,
                    0.0,
                    1.0
                ]
            ]
        },
        {
            "file_path": "train/r_31",
            "rotation": 0.06283185307179587,
            "transform_matrix": [
                [
                    0.1627827137708664,
                    -0.30390915274620056,
                    0.9386910796165466,
                    3.783984899520874
                ],
                [
                    0.9866620302200317,
                    0.05013991892337799,
                    -0.15486828982830048,
                    -0.624294102191925
                ],
                [
                    -3.725290742551124e-09,
                    0.9513806700706482,
                    0.3080175220966339,
                    1.2416584491729736
                ],
                [
                    0.0,
                    0.0,
                    0.0,
                    1.0
                ]
            ]
        },
        {
            "file_path": "train/r_32",
            "rotation": 0.06283185307179587,
            "transform_matrix": [
                [
                    0.5377388000488281,
                    -0.11863037943840027,
                    0.834723711013794,
                    3.3648791313171387
                ],
                [
                    0.8431114554405212,
                    0.0756627768278122,
                    -0.5323890447616577,
                    -2.1461291313171387
                ],
                [
                    7.450580596923828e-09,
                    0.9900514483451843,
                    0.1407054215669632,
                    0.5672017335891724
                ],
                [
                    0.0,
                    0.0,
                    0.0,
                    1.0
                ]
            ]
        },
        {
            "file_path": "train/r_33",
            "rotation": 0.06283185307179587,
            "transform_matrix": [
                [
                    -0.8315414190292358,
                    0.19527427852153778,
                    -0.520006537437439,
                    -2.0962135791778564
                ],
                [
                    -0.5554627776145935,
                    -0.29233038425445557,
                    0.7784625291824341,
                    3.138082981109619
                ],
                [
                    -1.4901162970204496e-08,
                    0.9361681342124939,
                    0.35155239701271057,
                    1.4171531200408936
                ],
                [
                    0.0,
                    0.0,
                    0.0,
                    1.0
                ]
            ]
        },
        {
            "file_path": "train/r_34",
            "rotation": 0.06283185307179587,
            "transform_matrix": [
                [
                    0.909551203250885,
                    -0.41496407985687256,
                    0.022835537791252136,
                    0.09205299615859985
                ],
                [
                    0.4155919551849365,
                    0.9081770777702332,
                    -0.049977123737335205,
                    -0.2014642357826233
                ],
                [
                    0.0,
                    0.05494772642850876,
                    0.9984893202781677,
                    4.025039196014404
                ],
                [
                    0.0,
                    0.0,
                    0.0,
                    1.0
                ]
            ]
        },
        {
            "file_path": "train/r_35",
            "rotation": 0.06283185307179587,
            "transform_matrix": [
                [
                    0.14095693826675415,
                    0.9501413106918335,
                    -0.2781415581703186,
                    -1.1212245225906372
                ],
                [
                    -0.9900158047676086,
                    0.13527967035770416,
                    -0.03960137069225311,
                    -0.15963822603225708
                ],
                [
                    0.0,
                    0.2809465229511261,
                    0.9597233533859253,
                    3.8687686920166016
                ],
                [
                    0.0,
                    0.0,
                    0.0,
                    1.0
                ]
            ]
        },
        {
            "file_path": "train/r_36",
            "rotation": 0.06283185307179587,
            "transform_matrix": [
                [
                    -0.8720892667770386,
                    -0.413061261177063,
                    0.2623748183250427,
                    1.0576668977737427
                ],
                [
                    0.48934659361839294,
                    -0.736137330532074,
                    0.46759140491485596,
                    1.8849214315414429
                ],
                [
                    0.0,
                    0.5361738204956055,
                    0.8441075086593628,
                    3.4027066230773926
                ],
                [
                    0.0,
                    0.0,
                    0.0,
                    1.0
                ]
            ]
        },
        {
            "file_path": "train/r_37",
            "rotation": 0.06283185307179587,
            "transform_matrix": [
                [
                    -0.8239496350288391,
                    0.20793433487415314,
                    -0.5271340012550354,
                    -2.1249451637268066
                ],
                [
                    -0.5666630268096924,
                    -0.3023444712162018,
                    0.7664729952812195,
                    3.0897512435913086
                ],
                [
                    0.0,
                    0.9302424192428589,
                    0.3669453561306,
                    1.4792039394378662
                ],
                [
                    0.0,
                    0.0,
                    0.0,
                    1.0
                ]
            ]
        },
        {
            "file_path": "train/r_38",
            "rotation": 0.06283185307179587,
            "transform_matrix": [
                [
                    -0.9998621344566345,
                    -0.014197004958987236,
                    0.008607501164078712,
                    0.03469794616103172
                ],
                [
                    0.0166025310754776,
                    -0.8549929857254028,
                    0.5183736681938171,
                    2.0896310806274414
                ],
                [
                    -4.656612873077393e-10,
                    0.5184451341629028,
                    0.8551108837127686,
                    3.4470622539520264
                ],
                [
                    0.0,
                    0.0,
                    0.0,
                    1.0
                ]
            ]
        },
        {
            "file_path": "train/r_39",
            "rotation": 0.06283185307179587,
            "transform_matrix": [
                [
                    0.9981841444969177,
                    -0.024390192702412605,
                    0.05507669970393181,
                    0.22202129662036896
                ],
                [
                    0.06023557484149933,
                    0.4041781425476074,
                    -0.9126946926116943,
                    -3.679190158843994
                ],
                [
                    0.0,
                    0.9143550395965576,
                    0.40491336584091187,
                    1.6322580575942993
                ],
                [
                    0.0,
                    0.0,
                    0.0,
                    1.0
                ]
            ]
        },
        {
            "file_path": "train/r_40",
            "rotation": 0.06283185307179587,
            "transform_matrix": [
                [
                    -0.7812223434448242,
                    0.4210464656352997,
                    -0.4608813524246216,
                    -1.8578721284866333
                ],
                [
                    -0.62425297498703,
                    -0.5269191861152649,
                    0.5767706036567688,
                    2.3250367641448975
                ],
                [
                    -1.4901162970204496e-08,
                    0.7382926344871521,
                    0.6744805574417114,
                    2.7189180850982666
                ],
                [
                    0.0,
                    0.0,
                    0.0,
                    1.0
                ]
            ]
        },
        {
            "file_path": "train/r_41",
            "rotation": 0.06283185307179587,
            "transform_matrix": [
                [
                    0.9961676597595215,
                    0.0374169759452343,
                    -0.07905688136816025,
                    -0.3186884820461273
                ],
                [
                    -0.08746439218521118,
                    0.4261571764945984,
                    -0.900411069393158,
                    -3.6296730041503906
                ],
                [
                    0.0,
                    0.9038749933242798,
                    0.4277966320514679,
                    1.7245033979415894
                ],
                [
                    0.0,
                    0.0,
                    0.0,
                    1.0
                ]
            ]
        },
        {
            "file_path": "train/r_42",
            "rotation": 0.06283185307179587,
            "transform_matrix": [
                [
                    0.7096830010414124,
                    -0.1410875767469406,
                    0.6902493834495544,
                    2.782484531402588
                ],
                [
                    0.7045210003852844,
                    0.1421213001012802,
                    -0.6953067183494568,
                    -2.8028712272644043
                ],
                [
                    0.0,
                    0.9797426462173462,
                    0.2002602517604828,
                    0.8072749376296997
                ],
                [
                    0.0,
                    0.0,
                    0.0,
                    1.0
                ]
            ]
        },
        {
            "file_path": "train/r_43",
            "rotation": 0.06283185307179587,
            "transform_matrix": [
                [
                    -0.7454829216003418,
                    -0.649529218673706,
                    0.14955587685108185,
                    0.6028790473937988
                ],
                [
                    0.6665247678756714,
                    -0.7264740467071533,
                    0.1672726273536682,
                    0.6742975115776062
                ],
                [
                    0.0,
                    0.22438153624534607,
                    0.9745013117790222,
                    3.928340435028076
                ],
                [
                    0.0,
                    0.0,
                    0.0,
                    1.0
                ]
            ]
        },
        {
            "file_path": "train/r_44",
            "rotation": 0.06283185307179587,
            "transform_matrix": [
                [
                    -0.4492909014225006,
                    0.637654721736908,
                    -0.6257268786430359,
                    -2.522385597229004
                ],
                [
                    -0.8933854699134827,
                    -0.32068178057670593,
                    0.3146831691265106,
                    1.2685283422470093
                ],
                [
                    0.0,
                    0.7003995776176453,
                    0.7137508988380432,
                    2.8772218227386475
                ],
                [
                    0.0,
                    0.0,
                    0.0,
                    1.0
                ]
            ]
        },
        {
            "file_path": "train/r_45",
            "rotation": 0.06283185307179587,
            "transform_matrix": [
                [
                    -0.8719528913497925,
                    0.47145000100135803,
                    -0.13203436136245728,
                    -0.5322476029396057
                ],
                [
                    -0.48958978056907654,
                    -0.8396461606025696,
                    0.23515143990516663,
                    0.9479258060455322
                ],
                [
                    -7.450580596923828e-09,
                    0.26968368887901306,
