{
    "camera_angle_x": 0.6911112070083618,
    "frames": [
        {
            "file_path": "train/r_0",
            "rotation": 0.06283185307179587,
            "transform_matrix": [
                [
                    0.9060059189796448,
                    -0.23526892066001892,
                    0.35185468196868896,
                    1.418371558189392
                ],
                [
                    0.42326486110687256,
                    0.5035972595214844,
                    -0.7531511187553406,
                    -3.0360493659973145
                ],
                [
                    -1.4901160305669237e-08,
                    0.831287145614624,
                    0.55584317445755,
                    2.240675449371338
                ],
                [
                    0.0,
                    0.0,
                    0.0,
                    1.0
                ]
            ]
        },
        {
            "file_path": "train/r_1",
            "rotation": 0.06283185307179587,
            "transform_matrix": [
                [
                    -0.28164511919021606,
                    0.18786345422267914,
                    -0.9409481883049011,
                    -3.7930829524993896
                ],
                [
                    -0.959518551826477,
                    -0.055143099278211594,
                    0.2761942148208618,
                    1.1133743524551392
                ],
                [
                    0.0,
                    0.9806459546089172,
                    0.19578929245471954,
                    0.7892518043518066
                ],
                [
                    0.0,
                    0.0,
                    0.0,
                    1.0
                ]
            ]
        },
        {
            "file_path": "train/r_2",
            "rotation": 0.06283185307179587,
            "transform_matrix": [
                [
                    0.5317592620849609,
                    -0.6100299954414368,
                    0.587448239326477,
                    2.368079662322998
                ],
                [
                    0.8468954563140869,
                    0.38303321599960327,
                    -0.3688543140888214,
                    -1.4868992567062378
                ],
                [
                    0.0,
                    0.6936488747596741,
                    0.7203131914138794,
                    2.9036753177642822
                ],
                [
                    0.0,
                    0.0,
                    0.0,
                    1.0
                ]
            ]
        },
        {
            "file_path": "train/r_3",
            "rotation": 0.06283185307179587,
            "transform_matrix": [
                [
                    0.1477709859609604,
                    0.9667981863021851,
                    -0.20848257839679718,
                    -0.840420126914978
                ],
                [
                    -0.9890215396881104,
                    0.1444505751132965,
                    -0.03114965371787548,
                    -0.12556827068328857
                ],
                [
                    -1.8626448161640496e-09,
                    0.21079696714878082,
                    0.9775299429893494,
                    3.94054913520813
                ],
                [
                    0.0,
                    0.0,
                    0.0,
                    1.0
                ]
            ]
        },
        {
            "file_path": "train/r_4",
            "rotation": 0.06283185307179587,
            "transform_matrix": [
                [
                    -0.6506059169769287,
                    -0.6750332117080688,
                    0.3479110598564148,
                    1.4024744033813477
                ],
                [
                    0.7594155073165894,
                    -0.5783140063285828,
                    0.29806211590766907,
                    1.2015269994735718
                ],
                [
                    1.4901161193847656e-08,
                    0.4581300616264343,
                    0.8888850808143616,
                    3.5832107067108154
                ],
                [
                    0.0,
                    0.0,
                    0.0,
                    1.0
                ]
            ]
        },
        {
            "file_path": "train/r_5",
            "rotation": 0.06283185307179587,
            "transform_matrix": [
                [
                    0.7797114849090576,
                    -0.23933349549770355,
                    0.5785925984382629,
                    2.332381248474121
                ],
                [
                    0.6261388659477234,
                    0.29803466796875,
                    -0.7205036282539368,
                    -2.9044430255889893
                ],
                [
                    0.0,
                    0.9240642786026001,
                    0.3822370767593384,
                    1.5408469438552856
                ],
                [
                    0.0,
                    0.0,
                    0.0,
                    1.0
                ]
            ]
        },
        {
            "file_path": "train/r_6",
            "rotation": 0.06283185307179587,
            "transform_matrix": [
                [
                    -0.9963634610176086,
                    -0.02525120973587036,
                    0.08137626200914383,
                    0.32803821563720703
                ],
                [
                    0.08520398288965225,
                    -0.29528409242630005,
                    0.9516026377677917,
                    3.8360328674316406
                ],
                [
                    -1.8626450382086546e-09,
                    0.955075740814209,
                    0.2963618040084839,
                    1.194672703742981
                ],
                [
                    0.0,
                    0.0,
                    0.0,
                    1.0
                ]
            ]
        },
        {
            "file_path": "train/r_7",
            "rotation": 0.06283185307179587,
            "transform_matrix": [
                [
                    -0.6555798053741455,
                    0.5621301531791687,
                    -0.5042070746421814,
                    -2.0325236320495605
                ],
                [
                    -0.7551258206367493,
                    -0.4880261719226837,
                    0.43773898482322693,
                    1.7645822763442993
                ],
                [
                    4.470348002882929e-08,
                    0.6677126884460449,
                    0.7444190979003906,
                    3.000849485397339
                ],
                [
                    0.0,
                    0.0,
                    0.0,
                    1.0
                ]
            ]
        },
        {
            "file_path": "train/r_8",
            "rotation": 0.06283185307179587,
            "transform_matrix": [
                [
                    -0.6930675506591797,
                    0.15429595112800598,
                    -0.7041662335395813,
                    -2.8385848999023438
                ],
                [
                    -0.7208725810050964,
                    -0.14834454655647278,
                    0.6770055890083313,
                    2.7290966510772705
                ],
                [
                    7.450580152834618e-09,
                    0.9768247604370117,
                    0.21404051780700684,
                    0.8628248572349548
                ],
                [
                    0.0,
                    0.0,
                    0.0,
                    1.0
                ]
            ]
        },
        {
            "file_path": "train/r_9",
            "rotation": 0.06283185307179587,
            "transform_matrix": [
                [
                    -0.09273971617221832,
                    0.5353060960769653,
                    -0.8395514488220215,
                    -3.384340286254883
                ],
                [
                    -0.9956904649734497,
                    -0.04985900595784187,
                    0.07819675654172897,
                    0.31522125005722046
                ],
                [
                    3.725290742551124e-09,
                    0.843185305595398,
                    0.5376229882240295,
                    2.1672277450561523
                ],
                [
                    0.0,
                    0.0,
                    0.0,
                    1.0
                ]
            ]
        },
        {
            "file_path": "train/r_10",
            "rotation": 0.06283185307179587,
            "transform_matrix": [
                [
                    -0.39510151743888855,
                    0.8411562442779541,
                    -0.369257390499115,
                    -1.488524317741394
                ],
                [
                    -0.9186373949050903,
                    -0.36177724599838257,
                    0.15881583094596863,
                    0.6402071714401245
                ],
                [
                    0.0,
                    0.40196213126182556,
                    0.9156562089920044,
                    3.6911284923553467
                ],
                [
                    0.0,
                    0.0,
                    0.0,
                    1.0
                ]
            ]
        },
        {
            "file_path": "train/r_11",
            "rotation": 0.06283185307179587,
            "transform_matrix": [
                [
                    -0.8946735262870789,
                    -0.09101156890392303,
                    0.4373512268066406,
                    1.7630194425582886
                ],
                [
                    0.44672051072120667,
                    -0.1822742372751236,
                    0.8759090304374695,
                    3.530902624130249
                ],
                [
                    7.450580152834618e-09,
                    0.9790265560150146,
                    0.20373263955116272,
                    0.8212726712226868
                ],
                [
                    0.0,
                    0.0,
                    0.0,
                    1.0
                ]
            ]
        },
        {
            "file_path": "train/r_12",
            "rotation": 0.06283185307179587,
            "transform_matrix": [
                [
                    -0.6741496920585632,
                    0.41195759177207947,
                    -0.6130359768867493,
                    -2.4712274074554443
                ],
                [
                    -0.7385947704315186,
                    -0.37601277232170105,
                    0.5595463514328003,
                    2.255603790283203
                ],
                [
                    0.0,
                    0.8300032615661621,
                    0.5577585101127625,
                    2.248396635055542
                ],
                [
                    0.0,
                    0.0,
                    0.0,
                    1.0
                ]
            ]
        },
        {
            "file_path": "train/r_13",
            "rotation": 0.06283185307179587,
            "transform_matrix": [
                [
                    0.784020721912384,
                    0.5279867649078369,
                    -0.32640698552131653,
                    -1.3157886266708374
                ],
                [
                    -0.6207347512245178,
                    0.6668751239776611,
                    -0.4122691750526428,
                    -1.6619101762771606
                ],
                [
                    4.4703490686970326e-08,
                    0.5258397459983826,
                    0.8505836725234985,
                    3.4288125038146973
                ],
                [
                    0.0,
                    0.0,
                    0.0,
                    1.0
                ]
            ]
        },
        {
            "file_path": "train/r_14",
            "rotation": 0.06283185307179587,
            "transform_matrix": [
                [
                    -0.9976367354393005,
                    0.05097820237278938,
                    -0.04606872424483299,
                    -0.18570896983146667
                ],
                [
                    -0.06871029734611511,
                    -0.7401762008666992,
                    0.6688931584358215,
                    2.696394681930542
                ],
                [
                    0.0,
                    0.6704776883125305,
                    0.7419296503067017,
                    2.990813970565796
                ],
                [
                    0.0,
                    0.0,
                    0.0,
                    1.0
                ]
            ]
        },
        {
            "file_path": "train/r_15",
            "rotation": 0.06283185307179587,
            "transform_matrix": [
                [
                    0.53461092710495,
                    -0.21232597529888153,
                    0.8179907202720642,
                    3.2974259853363037
                ],
                [
                    0.8450983166694641,
                    0.13431784510612488,
                    -0.5174626111984253,
                    -2.085958480834961
                ],
                [
                    0.0,
                    0.9679237008094788,
                    0.25124412775039673,
                    1.012797474861145
                ],
                [
                    0.0,
                    0.0,
                    0.0,
                    1.0
                ]
            ]
        },
        {
            "file_path": "train/r_16",
            "rotation": 0.06283185307179587,
            "transform_matrix": [
                [
                    0.994317352771759,
                    0.019148653373122215,
                    -0.10471992194652557,
                    -0.4221395254135132
                ],
                [
                    -0.10645625740289688,
                    0.17885129153728485,
                    -0.9780997633934021,
                    -3.9428465366363525
                ],
                [
                    0.0,
                    0.9836897850036621,
                    0.17987342178821564,
                    0.7250930070877075
                ],
                [
                    0.0,
                    0.0,
                    0.0,
                    1.0
                ]
            ]
        },
        {
            "file_path": "train/r_17",
            "rotation": 0.06283185307179587,
            "transform_matrix": [
                [
                    -0.9037720561027527,
                    0.4243523180484772,
                    -0.05586756393313408,
                    -0.22520935535430908
                ],
                [
                    -0.4280141294002533,
                    -0.8960399627685547,
                    0.11796700209379196,
                    0.4755401909351349
                ],
                [
                    3.725290298461914e-09,
                    0.1305273324251175,
                    0.9914447069168091,
                    3.9966413974761963
                ],
                [
                    0.0,
                    0.0,
                    0.0,
                    1.0
                ]
            ]
        },
        {
            "file_path": "train/r_18",
            "rotation": 0.06283185307179587,
            "transform_matrix": [
                [
                    -0.44960445165634155,
                    -0.6549427509307861,
                    0.6073760986328125,
                    2.448411464691162
                ],
                [
                    0.8932278156280518,
                    -0.3296641707420349,
                    0.30572155117988586,
                    1.232403039932251
                ],
                [
                    2.980232594040899e-08,
                    0.6799790263175964,
                    0.7332315444946289,
                    2.9557509422302246
                ],
                [
                    0.0,
                    0.0,
                    0.0,
                    1.0
                ]
            ]
        },
        {
            "file_path": "train/r_19",
            "rotation": 0.06283185307179587,
            "transform_matrix": [
                [
                    -0.8907138705253601,
                    -0.19247296452522278,
                    0.4118044674396515,
                    1.6600371599197388
                ],
                [
                    0.4545644521713257,
                    -0.3771485984325409,
                    0.8069261908531189,
                    3.252824068069458
                ],
                [
                    0.0,
                    0.9059322476387024,
                    0.42342275381088257,
                    1.7068719863891602
                ],
                [
                    0.0,
                    0.0,
                    0.0,
                    1.0
                ]
            ]
        },
        {
            "file_path": "train/r_20",
            "rotation": 0.06283185307179587,
            "transform_matrix": [
                [
                    -0.6544541716575623,
                    0.4646569788455963,
                    -0.5964758992195129,
                    -2.4044713973999023
                ],
                [
                    -0.7561015486717224,
                    -0.40219029784202576,
                    0.5162879824638367,
                    2.081223726272583
                ],
                [
                    0.0,
                    0.7888832688331604,
                    0.6145429611206055,
                    2.477302074432373
                ],
                [
                    0.0,
                    0.0,
                    0.0,
                    1.0
                ]
            ]
        },
        {
            "file_path": "train/r_21",
            "rotation": 0.06283185307179587,
            "transform_matrix": [
                [
                    0.4189634323120117,
                    0.6930356025695801,
                    -0.5866611003875732,
                    -2.3649065494537354
                ],
                [
                    -0.9080032110214233,
                    0.3197748363018036,
                    -0.270692378282547,
                    -1.091195821762085
                ],
                [
                    0.0,
                    0.6461004614830017,
                    0.7632524371147156,
                    3.0767688751220703
                ],
                [
                    0.0,
                    0.0,
                    0.0,
                    1.0
                ]
            ]
        },
        {
            "file_path": "train/r_22",
            "rotation": 0.06283185307179587,
            "transform_matrix": [
                [
                    0.4962087869644165,
                    -0.1111658439040184,
                    0.861056923866272,
                    3.4710311889648438
                ],
                [
                    0.8682032823562622,
                    0.06353519856929779,
                    -0.49212437868118286,
                    -1.9838167428970337
                ],
                [
                    -3.725290298461914e-09,
                    0.9917687773704529,
                    0.12804126739501953,
                    0.5161508321762085
                ],
                [
                    0.0,
                    0.0,
                    0.0,
                    1.0
                ]
            ]
        },
        {
            "file_path": "train/r_23",
            "rotation": 0.06283185307179587,
            "transform_matrix": [
                [
                    -0.9848934412002563,
                    -0.04683789238333702,
                    0.1667066067457199,
                    0.672015905380249
                ],
                [
                    0.17316143214702606,
                    -0.2664007246494293,
                    0.9481801986694336,
                    3.8222367763519287
                ],
                [
                    0.0,
                    0.9627236723899841,
                    0.27048683166503906,
                    1.0903674364089966
                ],
                [
                    0.0,
                    0.0,
                    0.0,
                    1.0
                ]
            ]
        },
        {
            "file_path": "train/r_24",
            "rotation": 0.06283185307179587,
            "transform_matrix": [
                [
                    0.40711337327957153,
                    0.32786574959754944,
                    -0.852503776550293,
                    -3.4365527629852295
                ],
                [
                    -0.9133776426315308,
                    0.1461372673511505,
                    -0.3799804747104645,
                    -1.5317503213882446
                ],
                [
                    -7.450581485102248e-09,
                    0.9333530068397522,
                    0.3589596748352051,
                    1.4470127820968628
                ],
                [
                    0.0,
                    0.0,
                    0.0,
                    1.0
                ]
            ]
        },
        {
            "file_path": "train/r_25",
            "rotation": 0.06283185307179587,
            "transform_matrix": [
                [
                    -0.7235190272331238,
                    0.23786267638206482,
                    -0.6480289101600647,
                    -2.612287998199463
                ],
                [
                    -0.6903042793273926,
                    -0.24930769205093384,
                    0.6792095303535461,
                    2.737981081008911
                ],
                [
                    0.0,
                    0.938758134841919,
                    0.34457656741142273,
                    1.3890326023101807
                ],
                [
                    0.0,
                    0.0,
                    0.0,
                    1.0
                ]
            ]
        },
        {
            "file_path": "train/r_26",
            "rotation": 0.06283185307179587,
            "transform_matrix": [
                [
                    0.997991144657135,
                    0.03255647048354149,
                    -0.05434798821806908,
                    -0.2190837413072586
                ],
                [
                    -0.06335318833589554,
                    0.5128560662269592,
                    -0.8561338186264038,
                    -3.451185703277588
                ],
                [
                    0.0,
                    0.8578570485115051,
                    0.5138883590698242,
                    2.071550130844116
                ],
                [
                    0.0,
                    0.0,
                    0.0,
                    1.0
                ]
            ]
        },
        {
            "file_path": "train/r_27",
            "rotation": 0.06283185307179587,
            "transform_matrix": [
                [
                    0.1680929809808731,
                    -0.7355383038520813,
                    0.6562987565994263,
                    2.645625114440918
                ],
                [
                    0.9857712388038635,
                    0.12542344629764557,
                    -0.11191157251596451,
                    -0.4511300027370453
                ],
                [
                    -7.450581485102248e-09,
                    0.665772020816803,
                    0.7461551427841187,
                    3.007847785949707
                ],
                [
                    0.0,
                    0.0,
                    0.0,
                    1.0
                ]
            ]
        },
        {
            "file_path": "train/r_28",
            "rotation": 0.06283185307179587,
            "transform_matrix": [
                [
                    -0.9310473799705505,
                    -0.14318910241127014,
                    0.3356301784515381,
                    1.3529685735702515
                ],
                [
                    0.3648982644081116,
                    -0.36535072326660156,
                    0.856369137763977,
                    3.452134370803833
                ],
                [
                    -7.450580596923828e-09,
                    0.919791042804718,
                    0.3924083113670349,
                    1.5818485021591187
                ],
                [
                    0.0,
                    0.0,
                    0.0,
                    1.0
                ]
            ]
        },
        {
            "file_path": "train/r_29",
            "rotation": 0.06283185307179587,
            "transform_matrix": [
                [
                    0.18308773636817932,
                    -0.7572585344314575,
                    0.6269276738166809,
                    2.527226209640503
                ],
                [
                    0.9830965399742126,
                    0.14102861285209656,
                    -0.11675635725259781,
                    -0.47065991163253784
                ],
                [
                    0.0,
                    0.6377071738243103,
                    0.7702789306640625,
                    3.105093479156494
                ],
                [
                    0.0,
                    0.0,
                    0.0,
                    1.0
                ]
            ]
        },
        {
            "file_path": "train/r_30",
            "rotation": 0.06283185307179587,
            "transform_matrix": [
                [
                    -0.20757853984832764,
                    0.18051987886428833,
                    -0.9614174365997314,
                    -3.8755979537963867
                ],
                [
                    -0.9782183766365051,
                    -0.038306426256895065,
                    0.20401334762573242,
                    0.822404146194458
                ],
                [
                    -3.725290742551124e-09,
                    0.9828250408172607,
                    0.18453945219516754,
                    0.7439023852348328
                ],
                [
                    0.0,
                    0.0,
                    0.0,
                    1.0
                ]
            ]
        },
        {
            "file_path": "train/r_31",
            "rotation": 0.06283185307179587,
            "transform_matrix": [
                [
                    -0.0722484141588211,
                    -0.8020972013473511,
                    0.5928071737289429,
                    2.3896820545196533
                ],
                [
                    0.9973866939544678,
                    -0.0581020824611187,
                    0.04294159635901451,
                    0.17310310900211334
                ],
                [
                    -3.725290298461914e-09,
                    0.5943604707717896,
                    0.8041987419128418,
                    3.2418289184570312
                ],
                [
                    0.0,
                    0.0,
                    0.0,
                    1.0
                ]
            ]
        },
        {
            "file_path": "train/r_32",
            "rotation": 0.06283185307179587,
            "transform_matrix": [
                [
                    -0.8774601221084595,
                    0.36090919375419617,
                    -0.31592464447021484,
                    -1.2735329866409302
                ],
                [
                    -0.47964972257614136,
                    -0.6602389216423035,
                    0.5779452323913574,
                    2.3297717571258545
                ],
                [
                    1.4901161193847656e-08,
                    0.6586570739746094,
                    0.7524433732032776,
                    3.033196210861206
                ],
                [
                    0.0,
                    0.0,
                    0.0,
                    1.0
                ]
            ]
        },
        {
            "file_path": "train/r_33",
            "rotation": 0.06283185307179587,
            "transform_matrix": [
                [
                    -0.4465154707431793,
                    -0.4382562041282654,
                    0.780099630355835,
                    3.1446821689605713
                ],
                [
                    0.8947758674621582,
                    -0.21870076656341553,
                    0.3892892003059387,
                    1.56927490234375
                ],
                [
                    -1.4901160305669237e-08,
                    0.8718379139900208,
                    0.48979437351226807,
                    1.9744242429733276
                ],
                [
                    0.0,
                    0.0,
                    0.0,
                    1.0
                ]
            ]
        },
        {
            "file_path": "train/r_34",
            "rotation": 0.06283185307179587,
            "transform_matrix": [
                [
                    -0.10517677664756775,
                    0.46807941794395447,
                    -0.8774049282073975,
                    -3.5369327068328857
                ],
                [
                    -0.994453489780426,
                    -0.049505673348903656,
                    0.09279732406139374,
                    0.37407800555229187
                ],
                [
                    -3.725290076417309e-09,
                    0.8822986483573914,
                    0.4706900119781494,
                    1.8974123001098633
                ],
                [
                    0.0,
                    0.0,
                    0.0,
                    1.0
                ]
            ]
        },
        {
            "file_path": "train/r_35",
            "rotation": 0.06283185307179587,
            "transform_matrix": [
                [
                    -0.32305124402046204,
                    -0.771871030330658,
                    0.5475882887840271,
                    2.2073991298675537
                ],
                [
                    0.9463814496994019,
                    -0.26348137855529785,
                    0.18692153692245483,
                    0.7535048723220825
                ],
                [
                    0.0,
                    0.5786126852035522,
                    0.8156023621559143,
                    3.2877986431121826
                ],
                [
                    0.0,
                    0.0,
                    0.0,
                    1.0
                ]
            ]
        },
        {
            "file_path": "train/r_36",
            "rotation": 0.06283185307179587,
            "transform_matrix": [
                [
                    -0.10210815817117691,
                    0.12837886810302734,
                    -0.9864546060562134,
                    -3.9765257835388184
                ],
                [
                    -0.9947733283042908,
                    -0.013177402317523956,
                    0.10125427693128586,
                    0.40816906094551086
                ],
                [
                    9.31322685637781e-10,
                    0.991637647151947,
                    0.12905338406562805,
                    0.5202308297157288
                ],
                [
                    0.0,
                    0.0,
                    0.0,
                    1.0
                ]
            ]
        },
        {
            "file_path": "train/r_37",
            "rotation": 0.06283185307179587,
            "transform_matrix": [
                [
                    -0.7399019598960876,
                    0.25537869334220886,
                    -0.6223556995391846,
                    -2.508796215057373
                ],
                [
                    -0.6727145910263062,
                    -0.28088462352752686,
                    0.684513509273529,
                    2.7593624591827393
                ],
                [
                    2.9802320611338473e-08,
                    0.9251408576965332,
                    0.37962400913238525,
                    1.5303136110305786
                ],
                [
                    0.0,
                    0.0,
                    0.0,
                    1.0
                ]
            ]
        },
        {
            "file_path": "train/r_38",
            "rotation": 0.06283185307179587,
            "transform_matrix": [
                [
                    -0.9997407793998718,
                    -0.006622850429266691,
                    0.021787729114294052,
                    0.08782915025949478
                ],
                [
                    0.02277207560837269,
                    -0.2907567024230957,
                    0.9565258622169495,
                    3.855879545211792
                ],
                [
                    4.656613428188905e-10,
                    0.9567740559577942,
                    0.2908321022987366,
                    1.17238187789917
                ],
                [
                    0.0,
                    0.0,
                    0.0,
                    1.0
                ]
            ]
        },
        {
            "file_path": "train/r_39",
            "rotation": 0.06283185307179587,
            "transform_matrix": [
                [
                    0.03442791476845741,
                    0.1294359266757965,
                    -0.9909899234771729,
                    -3.9948081970214844
                ],
                [
                    -0.999407172203064,
                    0.004458852577954531,
                    -0.03413795307278633,
                    -0.13761448860168457
                ],
                [
                    4.656612873077393e-10,
                    0.9915778040885925,
                    0.1295126974582672,
                    0.5220823884010315
                ],
                [
                    0.0,
                    0.0,
                    0.0,
                    1.0
                ]
            ]
        },
        {
            "file_path": "train/r_40",
            "rotation": 0.06283185307179587,
            "transform_matrix": [
                [
                    -0.3451077342033386,
                    -0.24686530232429504,
                    0.9055153727531433,
                    3.6502492427825928
                ],
                [
                    0.9385630488395691,
                    -0.0907718762755394,
                    0.3329561948776245,
                    1.3421893119812012
                ],
                [
                    0.0,
                    0.964789092540741,
                    0.2630247175693512,
                    1.060286521911621
                ],
                [
                    0.0,
                    0.0,
                    0.0,
                    1.0
                ]
            ]
        },
        {
            "file_path": "train/r_41",
            "rotation": 0.06283185307179587,
            "transform_matrix": [
                [
                    0.1769019216299057,
                    -0.5843503475189209,
                    0.791985034942627,
                    3.192593812942505
                ],
                [
                    0.9842284321784973,
                    0.10502917319536209,
                    -0.1423487365245819,
                    -0.5738261342048645
                ],
                [
                    7.450580152834618e-09,
                    0.8046759963035583,
                    0.59371417760849,
                    2.393338441848755
                ],
                [
                    0.0,
                    0.0,
                    0.0,
                    1.0
                ]
            ]
        },
        {
            "file_path": "train/r_42",
            "rotation": 0.06283185307179587,
            "transform_matrix": [
                [
                    -0.30531203746795654,
                    0.512227475643158,
                    -0.8027499318122864,
                    -3.2359886169433594
                ],
                [
                    -0.9522523880004883,
                    -0.1642308384180069,
                    0.2573784291744232,
                    1.0375257730484009
                ],
                [
                    1.4901161193847656e-08,
                    0.8430013060569763,
                    0.5379114151000977,
                    2.1683905124664307
                ],
                [
                    0.0,
                    0.0,
                    0.0,
                    1.0
                ]
            ]
        },
        {
            "file_path": "train/r_43",
            "rotation": 0.06283185307179587,
            "transform_matrix": [
                [
                    -0.3324339985847473,
                    0.8589193224906921,
                    -0.38954490423202515,
                    -1.5703058242797852
                ],
                [
                    -0.9431265592575073,
                    -0.3027525842189789,
                    0.13730710744857788,
                    0.5535027384757996
                ],
                [
                    7.450580596923828e-09,
                    0.41303569078445435,
                    0.9107147455215454,
                    3.6712088584899902
                ],
                [
                    0.0,
                    0.0,
                    0.0,
                    1.0
                ]
            ]
        },
        {
            "file_path": "train/r_44",
            "rotation": 0.06283185307179587,
            "transform_matrix": [
                [
                    -0.41315916180610657,
                    -0.6715409159660339,
                    0.6150871515274048,
                    2.4794957637786865
                ],
                [
                    0.9106587767601013,
                    -0.3046731650829315,
                    0.2790605127811432,
                    1.1249290704727173
                ],
                [
                    -1.4901160305669237e-08,
                    0.6754310131072998,
                    0.7374231219291687,
                    2.9726479053497314
                ],
                [
                    0.0,
                    0.0,
                    0.0,
                    1.0
                ]
            ]
        },
        {
            "file_path": "train/r_45",
            "rotation": 0.06283185307179587,
            "transform_matrix": [
                [
                    0.44199231266975403,
                    -0.166202113032341,
                    0.8814871907234192,
                    3.5533885955810547
                ],
                [
                    0.8970188498497009,
                    0.08189354091882706,
